13,135,1,8.738324165344238,64.88322448730469,67.63134765625,68.82147216796875,70.21578216552734,74.59953308105469,79.87887573242188,83.05001831054688,83.98084259033203,86.07713317871094,90.09268951416016,91.2422866821289,92.38128662109375,92.71842193603516,94.55508422851562,95.7866439819336,98.73523712158203,99.67072296142578,101.39019775390625,103.04066467285156,103.54666900634766,103.90106964111328,110.51605987548828,113.23040771484375,114.25984191894531,115.01815032958984,117.84843444824219,117.94523620605469,118.01874542236328,118.4355697631836,119.41573333740234,119.81022644042969,132.88446044921875,137.03765869140625,138.61289978027344,151.56263732910156,151.82603454589844,152.5961151123047,155.8699493408203,157.2750701904297,162.8709716796875,163.2347412109375,166.69618225097656,174.3386688232422,178.12086486816406,184.13580322265625,195.32664489746094,205.1597442626953,215.79566955566406,
20,132,1,3.311709403991699,22.126632690429688,22.518285751342773,31.70416259765625,32.65126037597656,35.5668830871582,37.52455520629883,39.0339241027832,43.39510726928711,54.12369155883789,59.41021728515625,59.706809997558594,62.6318359375,64.10980987548828,64.8650131225586,66.01592254638672,66.17218780517578,68.98645782470703,69.7965316772461,73.65840148925781,73.79135131835938,79.72422790527344,87.44404602050781,95.6571273803711,96.07261657714844,96.79520416259766,96.83143615722656,103.74150848388672,107.15806579589844,107.69105529785156,111.83941650390625,113.02359008789062,117.7499771118164,120.34043884277344,126.66598510742188,135.32962036132812,137.00894165039062,141.15234375,144.15512084960938,149.479248046875,154.3388671875,165.8975372314453,169.6123046875,184.40899658203125,188.89395141601562,199.90672302246094,204.4068603515625,225.33697509765625,264.57464599609375,
17,126,1,2.263986825942993,21.17112922668457,26.82411003112793,27.233278274536133,28.721750259399414,33.79248046875,33.80516052246094,35.67739486694336,36.7890739440918,37.23073959350586,40.090206146240234,44.128150939941406,45.4725456237793,47.72306823730469,47.84642028808594,50.426422119140625,50.90477752685547,52.773738861083984,52.98448181152344,55.31430435180664,59.253517150878906,63.53654098510742,65.87339782714844,65.93732452392578,73.00263214111328,76.59358215332031,77.54846954345703,77.81620025634766,80.79386138916016,82.85480499267578,83.85914611816406,84.77659606933594,85.66905212402344,86.35916137695312,89.3396987915039,94.89222717285156,106.7010726928711,107.61846923828125,114.28048706054688,119.44845581054688,127.60502624511719,127.86347961425781,139.0742950439453,143.8061981201172,146.19244384765625,147.32095336914062,156.50765991210938,171.1573486328125,235.48953247070312,
31,139,1,1.0522819757461548,10.876359939575195,11.677942276000977,13.995155334472656,17.15979766845703,17.99310874938965,23.165346145629883,23.181007385253906,27.083345413208008,29.369800567626953,36.16990280151367,45.70473861694336,47.97837448120117,47.97883987426758,48.668453216552734,52.23613739013672,54.319576263427734,54.481658935546875,55.60264205932617,55.8543701171875,56.572303771972656,56.848365783691406,58.751983642578125,59.759117126464844,59.84585189819336,62.817222595214844,69.85670471191406,70.45210266113281,70.92035675048828,72.3622817993164,73.35975646972656,76.33378601074219,76.95722961425781,84.51341247558594,89.51119232177734,89.57861328125,90.35234069824219,91.59812927246094,91.85059356689453,95.77947998046875,104.19880676269531,120.923828125,122.00592041015625,122.31234741210938,131.52053833007812,137.7250213623047,142.25411987304688,148.166748046875,226.4593048095703,
22,147,1,2.1730704307556152,7.330976963043213,18.179359436035156,22.586084365844727,25.527515411376953,27.257410049438477,29.531784057617188,33.46548080444336,34.22817611694336,35.15864181518555,36.7634391784668,37.31742477416992,38.32102584838867,39.05035400390625,46.714935302734375,52.206729888916016,52.3827018737793,54.111656188964844,56.104637145996094,56.46653366088867,57.281646728515625,59.322689056396484,60.503257751464844,62.16984939575195,65.86309051513672,66.97403717041016,72.71884155273438,73.09429168701172,74.34178161621094,75.1670150756836,80.61931610107422,88.91511535644531,88.96878051757812,89.6502456665039,90.45364379882812,91.44932556152344,99.23941802978516,111.01162719726562,113.19596862792969,114.889892578125,115.91834259033203,117.38446807861328,120.59227752685547,129.00003051757812,132.63949584960938,155.2838592529297,161.3502197265625,167.30673217773438,245.77874755859375,
14,132,1,2.4828743934631348,12.397899627685547,22.084346771240234,22.887605667114258,24.967247009277344,28.49577522277832,34.7694206237793,41.63482666015625,42.49523162841797,43.395835876464844,44.99320983886719,47.05096435546875,47.10130310058594,47.760616302490234,52.94955825805664,57.80436706542969,59.112396240234375,62.128501892089844,62.38924789428711,63.48990249633789,65.53218078613281,66.29444885253906,66.46662139892578,68.81787109375,73.256103515625,76.94893646240234,80.76051330566406,84.31073760986328,85.38729095458984,85.93653869628906,87.16044616699219,92.62518310546875,97.87824249267578,103.0841293334961,110.71446990966797,110.8907699584961,111.1659164428711,112.93263244628906,114.4275894165039,115.37432861328125,120.46116638183594,122.53815460205078,132.47984313964844,138.8883819580078,141.33038330078125,147.5833282470703,159.4071044921875,176.463134765625,187.9720458984375,
35,134,1,15.302312850952148,24.93174934387207,57.0756721496582,69.33454132080078,70.08079528808594,74.1865005493164,78.19011688232422,79.52831268310547,79.53179931640625,79.53813171386719,80.64393615722656,81.40428924560547,82.54544067382812,84.76908111572266,86.78426361083984,87.00556182861328,89.67540740966797,90.23493957519531,91.2315444946289,92.60980987548828,96.10871124267578,96.74008178710938,97.45336151123047,100.07112884521484,100.87520599365234,112.81201934814453,115.12401580810547,116.48948669433594,117.13680267333984,118.17069244384766,118.51264953613281,118.8646011352539,121.87165832519531,126.39434051513672,126.68238067626953,126.94186401367188,130.71119689941406,146.3467559814453,167.18093872070312,171.03529357910156,174.2887420654297,174.50352478027344,176.1155242919922,179.8314208984375,182.9735107421875,188.60015869140625,195.08274841308594,203.16253662109375,251.51303100585938,
50,174,1,17.172494888305664,36.77223205566406,80.47996520996094,92.09581756591797,100.09954071044922,101.46595001220703,106.06071472167969,108.19377899169922,109.87989044189453,111.21175384521484,119.04193878173828,120.4805908203125,123.07244873046875,125.27689361572266,125.54059600830078,125.62796020507812,127.39852905273438,127.84197998046875,136.06460571289062,137.06060791015625,138.61471557617188,138.9303741455078,150.49490356445312,150.68580627441406,153.65869140625,163.45114135742188,168.17335510253906,168.5472412109375,168.64108276367188,171.74180603027344,175.8217315673828,178.80738830566406,178.8802490234375,179.80252075195312,181.10101318359375,186.75218200683594,187.4878692626953,189.2767333984375,190.7510528564453,192.07180786132812,197.14962768554688,198.08741760253906,199.84107971191406,207.89649963378906,218.38931274414062,226.84542846679688,241.50067138671875,244.7421417236328,299.3248596191406,
47,439,1,4.567676067352295,45.091644287109375,50.23238754272461,58.075557708740234,71.0678482055664,72.1891860961914,72.4568862915039,79.77960968017578,80.43916320800781,86.39266204833984,86.49268341064453,90.4134292602539,91.48597717285156,95.51083374023438,97.42532348632812,100.36048126220703,102.16088104248047,102.56995391845703,103.4857406616211,109.4837646484375,110.25962829589844,110.94951629638672,111.90623474121094,113.35452270507812,113.7931900024414,114.66425323486328,115.83843231201172,115.86071014404297,116.6208724975586,116.75082397460938,117.56050109863281,117.8863296508789,117.98556518554688,122.86299896240234,124.60929870605469,131.60345458984375,144.70285034179688,147.34832763671875,147.49937438964844,150.6982421875,150.783935546875,156.0850067138672,157.88177490234375,158.15704345703125,164.3087615966797,180.27528381347656,189.0923309326172,193.86712646484375,227.831787109375,
43,158,1,6.653796672821045,21.439029693603516,63.551551818847656,64.47093963623047,67.80065155029297,69.53028869628906,75.08718872070312,80.66178894042969,80.68292999267578,82.09798431396484,87.56600952148438,89.87678527832031,90.5058822631836,91.28865051269531,91.9316177368164,93.14411926269531,94.46630096435547,99.39324951171875,104.7031478881836,106.64167785644531,108.71526336669922,109.29463195800781,109.99887084960938,113.75432586669922,114.7553482055664,115.5874252319336,117.11418914794922,119.96421813964844,122.24176788330078,125.25274658203125,125.70478057861328,126.0761947631836,127.31529235839844,130.382080078125,132.40805053710938,139.84307861328125,140.3338165283203,140.9921875,147.4508056640625,158.1112060546875,160.38442993164062,161.6118927001953,165.79429626464844,167.5855255126953,168.5077667236328,172.7527618408203,173.90940856933594,179.2581787109375,191.8316650390625,
36,133,1,8.344914436340332,18.443294525146484,50.68729019165039,56.492149353027344,57.364280700683594,62.807464599609375,63.76133346557617,67.98516082763672,70.90514373779297,73.50204467773438,74.06570434570312,78.35323333740234,78.35359954833984,82.52711486816406,82.60055541992188,83.68306732177734,83.99288940429688,86.7139663696289,87.01364135742188,89.38021087646484,89.59017181396484,94.9501724243164,95.37579345703125,98.5898208618164,98.68391418457031,101.50472259521484,104.2784194946289,104.89886474609375,107.30780792236328,109.75048828125,112.95370483398438,114.68219757080078,116.4449234008789,116.91549682617188,118.52393341064453,118.76119232177734,124.82018280029297,127.84703063964844,128.85479736328125,139.2909698486328,146.78604125976562,151.67454528808594,155.10379028320312,158.12637329101562,164.17723083496094,166.39340209960938,167.91693115234375,187.50775146484375,211.77633666992188,
25,134,1,3.1666035652160645,13.888161659240723,29.254417419433594,32.86688995361328,32.89860916137695,34.11005401611328,34.68257141113281,42.89726257324219,43.11015701293945,43.9055290222168,46.47136306762695,47.536102294921875,48.80481719970703,56.109832763671875,56.38127517700195,61.01441192626953,61.20931625366211,62.25545120239258,62.88259506225586,68.43936157226562,68.65668487548828,70.63079833984375,70.99392700195312,71.74336242675781,72.4299087524414,85.13108825683594,87.7454833984375,91.39906311035156,92.38301849365234,92.46728515625,95.84458923339844,98.71308898925781,103.7581558227539,111.29279327392578,115.0982894897461,115.68743896484375,116.16184997558594,116.67188262939453,121.07707977294922,130.8862762451172,131.419921875,137.653564453125,144.20745849609375,144.68490600585938,158.08082580566406,163.9925079345703,166.74209594726562,198.6029510498047,213.5026092529297,
46,118,0,6.65831995010376,8.029314041137695,26.81207275390625,31.085886001586914,33.33918380737305,35.06687545776367,36.13553237915039,58.634212493896484,63.43894958496094,64.32801818847656,64.65251159667969,68.2065200805664,73.39533233642578,73.91584777832031,75.3270034790039,79.19329071044922,80.24085235595703,81.67024993896484,82.57266998291016,85.34538269042969,88.33739471435547,89.33097076416016,91.637451171875,91.87786865234375,92.8323974609375,93.4959487915039,94.47166442871094,97.28504943847656,102.01985931396484,102.80732727050781,105.50534057617188,110.36979675292969,112.50894165039062,120.17840576171875,121.58998107910156,123.55795288085938,125.66893768310547,139.2144012451172,147.21701049804688,148.0914306640625,154.60476684570312,155.8729705810547,156.75135803222656,160.18174743652344,166.83192443847656,188.3318328857422,189.72486877441406,205.90994262695312,272.1898498535156,
40,141,1,6.9268364906311035,24.965566635131836,50.937255859375,53.1641845703125,54.794288635253906,64.34169006347656,65.2449951171875,65.96941375732422,67.33036041259766,68.67704772949219,71.83269500732422,71.91136932373047,73.9133071899414,77.19149780273438,78.95883178710938,79.93778228759766,81.096435546875,84.42777252197266,87.71456146240234,88.02156066894531,90.72173309326172,92.67743682861328,94.20726776123047,97.6772689819336,98.84716796875,102.9118423461914,104.82624053955078,109.85806274414062,111.06253814697266,111.98287200927734,115.78741455078125,116.44591522216797,116.85519409179688,117.22952270507812,120.56204223632812,128.7104034423828,128.84286499023438,130.4997100830078,134.03363037109375,134.96507263183594,135.68704223632812,139.25473022460938,143.5410919189453,148.4800262451172,167.87539672851562,169.14210510253906,178.9518280029297,184.73294067382812,204.54844665527344,
49,153,0,16.097482681274414,32.2891845703125,82.71915435791016,83.34584045410156,104.39451599121094,114.80625915527344,117.26889038085938,126.61346435546875,127.9198226928711,128.13824462890625,131.94512939453125,133.680419921875,142.73060607910156,144.55447387695312,148.95506286621094,149.2182159423828,150.9312744140625,152.82862854003906,155.71463012695312,164.10916137695312,169.40672302246094,172.2310791015625,173.3641815185547,175.534423828125,177.13755798339844,179.4128875732422,185.59010314941406,187.11227416992188,187.5006561279297,195.8204803466797,196.86660766601562,198.25833129882812,198.38914489746094,200.11032104492188,200.3723602294922,208.3543701171875,210.31265258789062,211.4756622314453,217.91712951660156,222.6837921142578,227.35977172851562,228.19313049316406,232.489501953125,233.03240966796875,236.50338745117188,237.08160400390625,250.15927124023438,280.5827941894531,296.3443603515625,
7,701,1,5.963107585906982,26.393152236938477,42.82713317871094,45.601985931396484,46.14665603637695,46.875579833984375,49.24247360229492,54.68091583251953,55.143314361572266,55.68964385986328,58.718711853027344,64.84111022949219,71.73568725585938,73.22760772705078,73.96461486816406,78.12890625,78.78870391845703,80.90424346923828,89.15339660644531,90.64241027832031,91.24527740478516,94.0589599609375,96.10115051269531,97.45733642578125,97.59585571289062,98.05680847167969,98.13928985595703,100.49137115478516,100.915283203125,102.4203109741211,102.78314971923828,106.35482788085938,107.32354736328125,118.8738784790039,126.09735107421875,126.60836791992188,132.91322326660156,134.19012451171875,137.3324737548828,137.82583618164062,140.2590789794922,154.05648803710938,154.66664123535156,156.95249938964844,167.1321563720703,178.114013671875,191.12411499023438,191.22137451171875,217.70309448242188,
10,146,1,1.3530080318450928,18.68686866760254,19.130346298217773,23.582672119140625,26.743574142456055,29.91463279724121,33.1029052734375,36.21345520019531,38.01571273803711,38.873626708984375,39.536155700683594,40.39789581298828,41.24620819091797,47.95393753051758,49.49823760986328,50.807167053222656,55.64457702636719,57.410682678222656,61.005271911621094,61.23064422607422,61.6533203125,62.341983795166016,63.13212585449219,64.86446380615234,65.02072143554688,65.41500091552734,65.7233657836914,69.09916687011719,70.30497741699219,71.47129821777344,71.8697738647461,72.48091125488281,81.76429748535156,82.37281799316406,82.4074935913086,83.41417694091797,85.77471923828125,89.22240447998047,91.68197631835938,93.34122467041016,95.56621551513672,108.35916900634766,113.8504409790039,114.38611602783203,114.96735382080078,125.8108139038086,127.38362884521484,136.66122436523438,195.98228454589844,
24,137,1,4.526825428009033,8.639870643615723,20.14056968688965,21.426437377929688,23.77471160888672,34.00946044921875,34.618648529052734,43.624900817871094,44.14982604980469,47.24887466430664,49.98555374145508,50.53142166137695,53.36001968383789,54.8178825378418,58.23967742919922,63.84083557128906,65.52090454101562,66.17870330810547,68.92903900146484,70.744140625,71.34932708740234,72.54678344726562,76.66425323486328,78.29378509521484,78.79794311523438,83.41081237792969,84.50907897949219,85.87494659423828,87.93170928955078,90.18356323242188,97.13439178466797,101.54317474365234,105.7815170288086,106.5792465209961,115.78626251220703,116.09268951416016,117.28038024902344,118.03096008300781,119.92133331298828,122.0545654296875,126.66796112060547,131.40774536132812,132.54881286621094,146.0651092529297,146.69606018066406,162.12550354003906,170.7786407470703,189.33523559570312,203.4942169189453,
28,138,1,1.4459891319274902,6.606876373291016,10.510554313659668,11.519781112670898,15.592208862304688,21.02888298034668,33.18291091918945,33.446224212646484,36.94013977050781,38.37046432495117,40.16987228393555,42.3299674987793,45.309810638427734,45.54832458496094,50.87255859375,56.45363235473633,57.75579833984375,60.28681564331055,62.19797897338867,64.93230438232422,66.0465316772461,71.00985717773438,75.73727416992188,77.3941650390625,78.00685119628906,78.2826156616211,80.24798583984375,80.48314666748047,81.53328704833984,82.6079330444336,82.97529602050781,83.27655792236328,85.70230102539062,90.97594451904297,90.98565673828125,94.46663665771484,97.96228790283203,100.22137451171875,102.30488586425781,125.85449981689453,128.91641235351562,129.8970947265625,142.78598022460938,144.01646423339844,147.2646942138672,148.4235076904297,154.88607788085938,189.84503173828125,230.291015625,
12,130,1,3.891430139541626,62.126956939697266,76.14888000488281,84.60308074951172,88.90955352783203,94.08153533935547,94.73993682861328,95.57149505615234,99.5488052368164,103.83768463134766,114.41043090820312,115.67041015625,116.30205535888672,116.72296905517578,117.06233978271484,117.93368530273438,118.72562408447266,122.23063659667969,122.92278289794922,123.07433319091797,125.08109283447266,125.24455261230469,127.23634338378906,132.63421630859375,132.7632293701172,133.5587158203125,133.68263244628906,134.46498107910156,139.49375915527344,141.5086212158203,141.65017700195312,144.9164276123047,147.09469604492188,147.91824340820312,150.06427001953125,151.5164337158203,159.38084411621094,160.76336669921875,161.98402404785156,163.22972106933594,164.78451538085938,167.7568817138672,175.70660400390625,175.79034423828125,177.16989135742188,179.77947998046875,182.75686645507812,185.40234375,240.90724182128906,
29,137,1,4.8160576820373535,11.873196601867676,17.633140563964844,20.398622512817383,23.176549911499023,30.25006675720215,30.650875091552734,32.531673431396484,34.35799789428711,35.58271026611328,39.43257141113281,45.907047271728516,48.39704513549805,49.23228073120117,59.24354934692383,62.59392166137695,64.4856948852539,67.16401672363281,67.319580078125,70.37002563476562,76.00069427490234,77.2218246459961,78.59761810302734,79.03890991210938,83.07945251464844,83.59786987304688,85.03260040283203,89.77045440673828,89.85855102539062,91.38079071044922,93.836669921875,93.9816665649414,95.61906433105469,97.78086853027344,99.68997955322266,101.9544906616211,104.63824462890625,109.46861267089844,112.83120727539062,134.4510040283203,135.11207580566406,137.65452575683594,142.8345184326172,146.5050506591797,153.3111572265625,161.07540893554688,168.95101928710938,203.88719177246094,229.9717559814453,
27,117,1,6.160499572753906,42.675498962402344,44.780670166015625,47.85107421875,62.42610168457031,63.69668960571289,65.54670715332031,65.70588684082031,66.90560150146484,68.78742218017578,68.95304870605469,69.73358154296875,72.16706085205078,73.55086517333984,75.80469512939453,78.22010040283203,78.44331359863281,79.46664428710938,80.35974884033203,83.12338256835938,83.38890838623047,87.01905059814453,90.59942626953125,90.70476531982422,92.69845581054688,98.36197662353516,99.46293640136719,100.83142852783203,102.8780288696289,105.85969543457031,107.32726287841797,111.43599700927734,111.59146881103516,113.18519592285156,114.9468002319336,116.4621353149414,117.1671142578125,122.3345947265625,124.6758804321289,128.0640869140625,128.55760192871094,135.2148895263672,140.811279296875,151.53477478027344,159.26258850097656,159.4100341796875,177.37286376953125,182.09417724609375,237.6760711669922,
45,134,1,0.808102548122406,3.4448556900024414,9.556365013122559,10.514938354492188,13.85323429107666,15.076844215393066,25.380462646484375,32.45344543457031,32.60041046142578,34.3637809753418,39.58167266845703,39.780887603759766,40.154422760009766,46.9323616027832,47.48975372314453,51.881595611572266,58.01909637451172,59.07171630859375,59.59788513183594,61.34832000732422,61.67193603515625,64.97950744628906,67.2806396484375,69.5111312866211,70.15798950195312,70.97560119628906,71.39252471923828,72.63554382324219,74.64459991455078,75.68717956542969,76.99771881103516,81.43863677978516,81.4918212890625,81.49900817871094,84.13770294189453,87.82597351074219,88.73614501953125,92.07861328125,98.98841857910156,103.36617279052734,107.27835083007812,122.5571517944336,127.22232818603516,130.0338134765625,132.19566345214844,134.15817260742188,143.78526306152344,159.198974609375,233.3494110107422,
4,353,1,0.3230380117893219,34.32675552368164,43.40389633178711,57.66596984863281,77.99017333984375,79.7242431640625,83.78775787353516,83.93314361572266,84.51969146728516,90.17205047607422,98.1599349975586,100.74457550048828,103.89842224121094,104.39664459228516,118.78746795654297,119.69513702392578,127.2316665649414,128.71975708007812,132.25390625,132.7579803466797,133.47042846679688,138.5672149658203,138.87850952148438,143.20985412597656,147.92567443847656,149.07496643066406,149.1523895263672,150.74745178222656,151.558837890625,154.04933166503906,155.53086853027344,157.3444061279297,159.32937622070312,159.6121368408203,162.1185760498047,167.64857482910156,169.84765625,174.30372619628906,180.66065979003906,191.71214294433594,196.04156494140625,198.7696075439453,199.34169006347656,206.3659210205078,207.28271484375,214.0370635986328,237.90838623046875,279.5923156738281,304.11871337890625,
2,105,1,0.9600829482078552,55.74602127075195,73.429931640625,83.13367462158203,84.16390991210938,85.3982925415039,93.02314758300781,96.66990661621094,106.05841064453125,112.30348205566406,114.06156158447266,115.2024917602539,116.66007232666016,117.95471954345703,119.81501770019531,120.50475311279297,121.10382080078125,122.35994720458984,123.04248046875,124.88804626464844,126.21856689453125,128.0166473388672,128.42950439453125,130.09263610839844,130.3896942138672,132.66525268554688,134.30291748046875,135.68202209472656,137.95880126953125,140.03729248046875,146.6464385986328,147.32142639160156,152.45150756835938,154.66470336914062,155.45169067382812,157.23141479492188,166.50315856933594,170.6061553955078,176.9299774169922,180.12530517578125,182.878662109375,183.2770538330078,188.7086639404297,201.7450408935547,205.3397216796875,205.9058837890625,215.88336181640625,280.49365234375,286.2783508300781,
32,141,1,3.2943477630615234,45.070926666259766,58.9112663269043,64.41212463378906,69.6518325805664,77.54312896728516,83.04700469970703,84.08340454101562,85.05635833740234,85.11520385742188,90.24937438964844,91.24068450927734,91.69886779785156,95.11402130126953,101.03862762451172,106.13970184326172,106.27741241455078,108.84589385986328,110.21063232421875,110.91402435302734,111.21405792236328,115.268798828125,116.72010803222656,119.62728118896484,120.1051254272461,124.21800994873047,125.65019989013672,126.3843994140625,126.63577270507812,127.5551528930664,128.3847198486328,132.86976623535156,133.87721252441406,138.06768798828125,139.5530548095703,140.6847381591797,140.75021362304688,141.45899963378906,145.9980010986328,150.771728515625,153.6724395751953,155.24505615234375,155.24847412109375,158.80804443359375,171.14114379882812,183.24853515625,183.73953247070312,197.10467529296875,198.10264587402344,
38,143,1,4.879459857940674,24.535982131958008,29.863082885742188,44.966575622558594,46.316062927246094,49.62413787841797,50.73884201049805,54.409263610839844,57.07211685180664,59.3389778137207,62.25769805908203,62.327999114990234,65.12236785888672,68.09747314453125,68.64732360839844,68.70791625976562,70.63774871826172,71.19995880126953,72.1219482421875,72.63050079345703,73.71878051757812,73.77520751953125,74.49339294433594,74.94961547851562,75.71324157714844,81.96853637695312,85.3426513671875,86.73321533203125,95.05941772460938,96.18011474609375,98.28565216064453,103.6517333984375,110.02645111083984,110.2281265258789,111.77239990234375,114.79074096679688,120.7623519897461,120.83842468261719,124.3099594116211,125.8736572265625,128.16439819335938,129.35826110839844,145.1377716064453,153.33737182617188,154.58067321777344,164.29107666015625,174.79176330566406,186.0594940185547,191.8398895263672,
42,144,1,5.1778998374938965,14.37260627746582,47.82413101196289,53.89689636230469,53.968894958496094,55.22663497924805,65.85504913330078,69.31629943847656,74.00443267822266,75.22037506103516,77.38997650146484,77.60320281982422,79.10120391845703,79.8506088256836,80.47598266601562,86.73731231689453,91.3078384399414,94.24180603027344,95.44906616210938,96.00843048095703,98.91948699951172,100.37039184570312,101.96046447753906,103.10929107666016,103.59990692138672,104.22493743896484,110.43192291259766,114.35243225097656,115.7072525024414,116.32511901855469,119.31350708007812,119.99649810791016,125.55489349365234,127.25859832763672,128.8144989013672,132.8037872314453,145.36865234375,146.09288024902344,146.1702117919922,147.9285430908203,152.0301055908203,152.8251495361328,156.40127563476562,162.37806701660156,163.2039794921875,164.572509765625,166.43577575683594,185.49868774414062,196.30218505859375,
34,131,1,5.3920979499816895,52.33309555053711,56.220638275146484,57.80769348144531,60.874027252197266,68.9656982421875,69.95806121826172,72.08313751220703,74.29641723632812,78.2978286743164,79.24515533447266,79.3416976928711,81.99057006835938,82.00291442871094,84.05894470214844,85.97916412353516,87.2474365234375,87.62468719482422,87.76225280761719,87.7828598022461,90.11737060546875,90.73314666748047,93.89319610595703,95.74571228027344,97.02533721923828,101.72872161865234,102.77804565429688,104.17323303222656,106.27519226074219,108.66522979736328,108.77674102783203,111.8220443725586,114.44905853271484,121.58590698242188,122.36418151855469,123.23680877685547,123.93152618408203,125.12305450439453,128.07791137695312,130.61756896972656,133.908935546875,136.625244140625,137.18255615234375,137.29635620117188,139.52012634277344,156.14801025390625,156.49940490722656,156.54054260253906,201.11407470703125,
23,134,1,4.362799167633057,7.915676593780518,22.595407485961914,28.63634490966797,30.086044311523438,31.8872013092041,39.21546936035156,40.31852722167969,45.88731002807617,50.230979919433594,50.93214797973633,51.07093048095703,55.15703201293945,56.438392639160156,60.4506721496582,60.57844543457031,60.95457458496094,61.421295166015625,64.48503112792969,65.46453857421875,66.1429672241211,66.48125457763672,73.32988739013672,75.70655059814453,75.99996948242188,82.20231628417969,87.79597473144531,93.11058807373047,93.91063690185547,96.62255859375,96.8378677368164,97.01991271972656,108.00044250488281,109.9980697631836,115.47792053222656,121.25516510009766,126.31339263916016,126.47502899169922,138.09619140625,141.32229614257812,143.77664184570312,144.43849182128906,156.54669189453125,160.1521759033203,174.5887908935547,175.4888458251953,189.05274963378906,206.283447265625,218.07223510742188,
41,132,1,2.1601369380950928,56.335121154785156,60.906925201416016,66.29334259033203,68.92427062988281,73.30803680419922,73.7807846069336,75.49382019042969,76.56290435791016,76.73956298828125,79.39080810546875,83.04654693603516,84.7603988647461,88.06327056884766,88.20191955566406,90.73468017578125,92.90807342529297,96.37458038330078,100.22113037109375,100.82026672363281,103.09528350830078,107.80508422851562,109.02362823486328,109.33064270019531,109.73538970947266,110.8228988647461,111.24217224121094,113.3809585571289,116.1905746459961,116.59447479248047,117.59390258789062,122.01417541503906,124.0556640625,134.12380981445312,136.37171936035156,138.37765502929688,143.75540161132812,144.39854431152344,149.26165771484375,151.44204711914062,152.8759002685547,153.9463348388672,165.26174926757812,171.54489135742188,184.13540649414062,190.9274139404297,202.57144165039062,219.2444610595703,241.59019470214844,
1,101,1,0.6756910085678101,40.107967376708984,52.77678680419922,55.65756607055664,58.28078842163086,59.952457427978516,60.80805969238281,62.82845687866211,63.56214904785156,66.24232482910156,66.5112533569336,68.46031188964844,74.84473419189453,77.84708404541016,80.46231842041016,85.88748931884766,86.50149536132812,88.13581848144531,89.7417221069336,91.27428436279297,95.11324310302734,95.87711334228516,99.9862060546875,100.82879638671875,104.75879669189453,105.3250732421875,107.3586654663086,113.2682876586914,114.2639389038086,121.31297302246094,123.15498352050781,130.37619018554688,131.41761779785156,131.8381805419922,135.98556518554688,136.36456298828125,137.6171112060547,141.38772583007812,153.9490203857422,158.46263122558594,158.7935333251953,161.5184326171875,165.6561737060547,183.3663787841797,184.72975158691406,189.4776611328125,198.21934509277344,248.35336303710938,296.7505187988281,
37,119,1,4.541747093200684,68.47553253173828,79.13642120361328,85.8975601196289,87.11384582519531,87.462646484375,88.48931121826172,93.21984100341797,93.94170379638672,107.2315673828125,111.22161102294922,112.54425811767578,116.17095184326172,120.27202606201172,120.5261459350586,124.69853210449219,126.30547332763672,128.36245727539062,129.3466796875,130.26771545410156,130.45497131347656,131.74635314941406,132.6685028076172,135.0800323486328,136.2040252685547,136.70372009277344,141.88172912597656,141.92486572265625,144.81285095214844,144.97801208496094,146.62850952148438,152.63092041015625,153.32606506347656,158.30990600585938,158.6305389404297,158.89332580566406,164.96902465820312,166.14678955078125,166.62124633789062,171.65541076660156,187.76255798339844,190.49073791503906,192.08177185058594,192.16944885253906,192.2399444580078,214.68797302246094,224.57363891601562,237.62571716308594,278.795166015625,
3,105,1,1.7806227207183838,35.326236724853516,55.1677131652832,55.21570587158203,58.69538116455078,59.82954025268555,61.161441802978516,61.97658157348633,63.16925048828125,64.03119659423828,66.82047271728516,66.9133071899414,67.47163391113281,71.63334655761719,75.30052947998047,76.5738525390625,79.42243194580078,82.05313110351562,82.29405212402344,82.40300750732422,87.01268768310547,87.87907409667969,87.97410583496094,95.27825164794922,96.68273162841797,97.3944320678711,97.94548797607422,98.88360595703125,101.11954498291016,102.85741424560547,110.08445739746094,118.91353607177734,121.34595489501953,123.54896545410156,127.21271514892578,127.90921020507812,128.56747436523438,128.8563690185547,138.20704650878906,143.2904052734375,144.2694854736328,144.77120971679688,156.5207061767578,156.78700256347656,162.8236541748047,171.5418243408203,178.39614868164062,250.32899475097656,278.1899719238281,
48,500,1,5.695335388183594,61.43301010131836,66.30352783203125,67.98137664794922,74.01849365234375,77.21363067626953,77.52702331542969,78.22852325439453,81.52523803710938,82.91494750976562,83.49357604980469,83.9222183227539,84.38426208496094,86.8545150756836,88.8695297241211,90.50601196289062,94.73420715332031,95.65294647216797,96.16375732421875,99.01692962646484,99.5785903930664,104.56182098388672,108.00786590576172,114.38209533691406,115.45124053955078,115.5296401977539,115.96527099609375,121.02253723144531,121.6942367553711,125.82379913330078,126.3841781616211,126.42074584960938,127.12468719482422,128.17196655273438,133.49337768554688,134.94224548339844,137.41201782226562,141.0489959716797,153.75794982910156,156.642333984375,156.8367156982422,157.58901977539062,172.0386199951172,174.94265747070312,178.7604522705078,183.82521057128906,189.58978271484375,210.09918212890625,230.27537536621094,
19,127,1,5.650449752807617,20.75029182434082,32.437015533447266,39.577816009521484,39.91460418701172,40.4328727722168,41.765201568603516,45.6722526550293,47.13274002075195,48.00277328491211,49.08674621582031,53.395015716552734,56.23026657104492,57.4133415222168,60.27897262573242,60.70903015136719,60.73129653930664,61.00876235961914,63.61289978027344,67.12516021728516,76.92512512207031,77.256103515625,77.27374267578125,78.33463287353516,78.72020721435547,78.94226837158203,82.64657592773438,83.27853393554688,83.77843475341797,87.27123260498047,87.7164535522461,92.63288116455078,99.75591278076172,101.39459991455078,105.26647186279297,105.95594787597656,108.52311706542969,110.19771575927734,118.82882690429688,124.92150115966797,129.6339569091797,131.0485382080078,134.8135223388672,139.14256286621094,149.92333984375,160.4005126953125,160.61659240722656,199.56703186035156,243.79754638671875,
5,517,1,4.019148826599121,38.780799865722656,53.12252426147461,58.26503372192383,62.10659408569336,66.02151489257812,66.97730255126953,68.03876495361328,70.7306137084961,73.27820587158203,76.67670440673828,78.42552947998047,82.79827117919922,85.20443725585938,85.28121185302734,87.74003601074219,89.72740173339844,91.09265899658203,92.71641540527344,95.81523895263672,100.39089965820312,106.1126937866211,108.70405578613281,113.95742797851562,114.87772369384766,124.5220718383789,124.89669036865234,127.26526641845703,127.77999877929688,132.85240173339844,135.1606903076172,137.0823516845703,140.6396026611328,144.25650024414062,145.5548858642578,147.29986572265625,153.7716522216797,158.29412841796875,159.19114685058594,171.66873168945312,174.25482177734375,175.73863220214844,177.91009521484375,179.72044372558594,188.3319854736328,189.96763610839844,195.78224182128906,251.03492736816406,292.42620849609375,
26,134,1,2.1367950439453125,21.57462501525879,23.780975341796875,29.35272216796875,29.512174606323242,30.904212951660156,31.80974578857422,36.59156799316406,38.09562683105469,39.04209518432617,44.50031280517578,44.60234451293945,44.663272857666016,47.049468994140625,50.07993698120117,51.28242111206055,55.85900115966797,59.60593032836914,64.22672271728516,64.28471374511719,67.49105834960938,69.76091766357422,70.09060668945312,70.63314819335938,76.86402130126953,77.64726257324219,79.01822662353516,80.17205810546875,81.42818450927734,88.99932861328125,89.37300872802734,90.39446258544922,91.11571502685547,92.57942962646484,94.52086639404297,100.2696304321289,102.25352478027344,103.51174926757812,110.9052505493164,114.40806579589844,125.51725769042969,134.6964874267578,138.99765014648438,140.65785217285156,143.5263214111328,155.4727783203125,182.50856018066406,187.29234313964844,252.40386962890625,
15,140,1,1.130328893661499,20.52167320251465,27.27861213684082,27.468061447143555,30.432212829589844,33.02350997924805,45.8588752746582,47.725711822509766,51.93712615966797,57.23191452026367,59.807167053222656,62.43505859375,66.20983123779297,67.88712310791016,68.21878814697266,68.31593322753906,68.56491088867188,70.80249786376953,71.55862426757812,72.6121597290039,73.88329315185547,75.2423324584961,77.42220306396484,86.87333679199219,87.63460540771484,90.54690551757812,90.8770523071289,94.02747344970703,96.74750518798828,109.3228530883789,120.74559783935547,120.96085357666016,124.38247680664062,125.4188232421875,127.34196472167969,134.4514923095703,134.5228729248047,143.0403594970703,143.5813446044922,144.19561767578125,145.10707092285156,154.18386840820312,159.1184539794922,170.60841369628906,190.32867431640625,195.93707275390625,212.88304138183594,220.40524291992188,263.1586608886719,
21,150,1,1.8359626531600952,3.346433639526367,21.92181968688965,25.191919326782227,25.203693389892578,28.639347076416016,30.85082244873047,35.36680221557617,36.97023391723633,38.06648254394531,38.335086822509766,41.46581268310547,41.5034294128418,41.91024398803711,47.70607376098633,50.10100173950195,51.41866683959961,55.75897216796875,57.47249984741211,57.845314025878906,60.18667984008789,61.205535888671875,62.606483459472656,71.30513000488281,73.82025909423828,76.36690521240234,76.76752471923828,77.24781799316406,84.72032928466797,86.81961822509766,88.42501068115234,89.00736999511719,94.40178680419922,97.49308776855469,98.28840637207031,101.23148345947266,112.47959899902344,113.15316009521484,118.4984130859375,121.43917083740234,122.14728546142578,122.3433837890625,127.72700500488281,128.10861206054688,146.63450622558594,170.9354248046875,172.1877899169922,183.98667907714844,252.62693786621094,
11,130,1,7.272022724151611,60.2607421875,75.23258209228516,103.34823608398438,123.02311706542969,124.95196533203125,133.32810974121094,136.5740966796875,140.5143280029297,140.596435546875,147.01353454589844,155.6163787841797,155.7691650390625,156.3988037109375,165.7848663330078,169.1193084716797,169.75701904296875,171.5654754638672,178.16883850097656,179.23965454101562,180.44093322753906,180.59046936035156,182.25186157226562,183.41526794433594,185.27093505859375,188.3054656982422,188.78770446777344,191.0589599609375,192.79214477539062,196.15744018554688,196.78392028808594,198.03709411621094,200.1065216064453,200.2088623046875,200.37391662597656,205.9528045654297,214.83502197265625,217.3748321533203,226.0809326171875,229.50323486328125,232.62103271484375,234.18014526367188,234.37677001953125,238.73980712890625,238.78128051757812,253.4986114501953,259.0743713378906,262.94049072265625,287.08294677734375,
6,604,1,1.3280359506607056,12.353381156921387,22.419715881347656,25.46442413330078,26.639368057250977,27.890811920166016,37.91659164428711,47.14356994628906,48.11568069458008,55.8193473815918,58.36466598510742,66.52911376953125,70.2818374633789,73.01227569580078,73.80953216552734,79.14713287353516,88.0179443359375,88.64867401123047,89.11685180664062,90.60913848876953,94.57888793945312,94.9424819946289,97.0028076171875,98.54827117919922,99.67815399169922,100.18688201904297,100.42401885986328,101.70423889160156,101.71417999267578,105.12162017822266,109.85452270507812,109.88793182373047,115.57271575927734,122.25141906738281,123.10127258300781,127.77857971191406,128.52264404296875,133.07733154296875,145.99664306640625,146.5299072265625,147.4723358154297,150.1881561279297,157.8245391845703,168.25071716308594,171.69332885742188,182.3799591064453,190.4882354736328,209.1320343017578,281.0179443359375,
9,139,0,15.982605934143066,25.66963768005371,69.52385711669922,71.99961853027344,76.40169525146484,85.38710021972656,87.50315856933594,88.95872497558594,89.97157287597656,93.99097442626953,94.6002426147461,96.21699523925781,100.16291809082031,100.36572265625,102.58721160888672,103.19786834716797,103.48963928222656,105.59566497802734,107.65260314941406,108.19705963134766,109.08282470703125,110.5916748046875,112.76627349853516,113.36404418945312,113.41120147705078,118.06647491455078,121.08112335205078,123.01533508300781,129.06707763671875,131.42529296875,132.12049865722656,134.30435180664062,138.7794189453125,139.74522399902344,140.58067321777344,146.4738311767578,147.6935272216797,151.04747009277344,151.3914031982422,159.1814727783203,168.7830352783203,170.2303466796875,170.86831665039062,179.25485229492188,180.8227996826172,183.22874450683594,186.15249633789062,196.7920379638672,209.30926513671875,
30,147,1,1.7248449325561523,5.019779205322266,8.286510467529297,8.810006141662598,9.934590339660645,19.124773025512695,30.207855224609375,36.14655685424805,36.55461883544922,36.59223556518555,36.94530487060547,37.03455352783203,39.05976486206055,41.104705810546875,43.61460876464844,60.008140563964844,61.50281524658203,63.76155471801758,64.3268051147461,64.92522430419922,66.98081970214844,68.8652572631836,70.46003723144531,71.96438598632812,74.60662078857422,74.89579772949219,75.43878173828125,76.37784576416016,78.57611083984375,82.70854187011719,84.56175231933594,85.97329711914062,86.18408203125,86.48650360107422,87.21756744384766,87.24327850341797,88.7471923828125,97.18118286132812,107.97538757324219,117.37300109863281,121.14460754394531,128.7252197265625,135.655517578125,137.0194854736328,139.1456756591797,142.8904266357422,143.0848846435547,172.54652404785156,233.67227172851562,
39,136,1,13.605229377746582,45.18780517578125,47.17975616455078,54.409969329833984,54.73146057128906,56.754207611083984,59.1144905090332,64.00943756103516,65.25775909423828,67.06591796875,71.06263732910156,73.81924438476562,78.11695098876953,78.15397644042969,81.90967559814453,82.16111755371094,83.7141342163086,86.9984130859375,87.37152099609375,87.9395751953125,89.1172866821289,91.33634948730469,92.78486633300781,94.9292984008789,95.18289184570312,100.72895050048828,101.22160339355469,102.1449966430664,105.54209899902344,106.22118377685547,113.92945861816406,116.2733383178711,120.29071044921875,121.22927856445312,121.95277404785156,123.4341812133789,123.58299255371094,124.36199951171875,124.96343231201172,125.45366668701172,126.01964569091797,129.61158752441406,131.64015197753906,139.42904663085938,140.83636474609375,154.01699829101562,175.1687774658203,183.60841369628906,187.5018768310547,
18,124,1,11.043014526367188,18.67360496520996,35.56821823120117,44.153785705566406,51.17377471923828,52.961204528808594,55.685848236083984,63.50753402709961,63.53398132324219,64.46845245361328,67.75553131103516,68.9518051147461,69.76505279541016,70.8145980834961,72.11808013916016,80.33134460449219,82.19461822509766,85.23146057128906,88.99903106689453,89.8547134399414,90.06814575195312,91.76884460449219,93.04554748535156,95.48883819580078,101.24736785888672,101.5152359008789,106.71605682373047,109.87803649902344,114.73309326171875,115.39319610595703,120.15687561035156,121.16316223144531,122.18401336669922,124.51225280761719,126.97149658203125,133.662353515625,134.52841186523438,137.41380310058594,142.07725524902344,145.76495361328125,150.86087036132812,160.7250518798828,161.51280212402344,170.38955688476562,181.2652130126953,183.4624481201172,185.91189575195312,221.31785583496094,235.0703125,
33,137,1,4.79628324508667,48.21196365356445,52.12751007080078,53.9223747253418,60.40584182739258,62.14279556274414,62.79457473754883,66.02059936523438,66.90721130371094,67.40754699707031,68.90467071533203,69.7706527709961,72.23431396484375,72.7024154663086,74.6750717163086,74.87662506103516,77.10588073730469,77.65914916992188,80.27647399902344,80.43852233886719,81.38368225097656,83.39730072021484,83.58443450927734,84.06279754638672,84.81120300292969,86.46092987060547,87.74398803710938,94.37772369384766,98.68589782714844,99.65592193603516,100.83271026611328,106.34915924072266,108.82633972167969,120.94157409667969,123.36225891113281,126.44942474365234,126.93376159667969,129.00613403320312,131.21218872070312,135.84568786621094,140.32435607910156,145.2130126953125,161.02406311035156,168.6726531982422,179.14254760742188,181.67417907714844,189.65658569335938,195.4296875,200.99679565429688,
16,113,1,18.400320053100586,57.70603942871094,57.87118148803711,58.61787414550781,60.3486442565918,62.497955322265625,64.65523529052734,65.66969299316406,65.72818756103516,69.6571273803711,70.93997192382812,76.32151794433594,77.12263488769531,77.42375946044922,77.85095977783203,80.80448150634766,87.55542755126953,93.81365203857422,94.05435180664062,94.17311096191406,98.52701568603516,101.96184539794922,102.86249542236328,103.1231918334961,103.51708221435547,105.41439056396484,108.5008544921875,109.4161605834961,116.55997467041016,116.97760772705078,119.85987854003906,120.82633209228516,123.15853118896484,125.37686157226562,126.43132019042969,128.5769805908203,129.94749450683594,133.73623657226562,133.90638732910156,135.77182006835938,142.0123291015625,143.27401733398438,160.06878662109375,161.4147186279297,179.8781280517578,180.80604553222656,185.52813720703125,191.38279724121094,214.70794677734375,
