121,65,1,21.711942672729492,132.8566436767578,141.70660400390625,157.8379364013672,157.99139404296875,167.8496856689453,168.65115356445312,169.07379150390625,172.1678009033203,173.5177459716797,184.73130798339844,189.56866455078125,189.6745147705078,194.62277221679688,194.7413330078125,195.30763244628906,195.62123107910156,197.96307373046875,199.08291625976562,201.30088806152344,202.2408447265625,202.24838256835938,203.72348022460938,204.1355743408203,206.30064392089844,209.70860290527344,210.797607421875,211.82322692871094,213.1200408935547,213.9585723876953,214.27099609375,214.33587646484375,216.41650390625,218.2147674560547,221.1986846923828,222.32237243652344,224.9739990234375,227.0986785888672,228.2442626953125,230.9864501953125,231.5286102294922,232.65042114257812,232.7392120361328,232.92149353027344,235.60049438476562,236.9493408203125,237.07135009765625,239.4703826904297,242.7471466064453,243.07899475097656,
1215,254,1,2.7934672832489014,142.4619903564453,154.58567810058594,164.19679260253906,165.2793731689453,174.5821075439453,175.26100158691406,193.57594299316406,226.58050537109375,230.70008850097656,243.51870727539062,246.12110900878906,259.3405456542969,260.5965881347656,261.3175354003906,268.1890563964844,278.46044921875,278.7544860839844,283.9578552246094,292.2035827636719,294.0237731933594,294.6113586425781,295.5875244140625,296.06842041015625,298.777099609375,301.76861572265625,304.2007751464844,307.7272644042969,308.1816711425781,312.35028076171875,313.9539489746094,315.16162109375,318.1147155761719,318.6507873535156,318.82073974609375,324.2252502441406,326.5326232910156,328.4257507324219,333.0309143066406,334.531982421875,338.253173828125,338.7918395996094,341.20465087890625,341.55517578125,346.98699951171875,349.6993408203125,351.45147705078125,352.6891174316406,354.1190185546875,354.4087219238281,
456,203,1,4.34132719039917,21.613269805908203,145.32229614257812,174.71092224121094,179.3092803955078,181.3004913330078,203.64906311035156,211.09979248046875,213.02145385742188,214.92495727539062,219.40548706054688,220.94024658203125,224.55213928222656,228.87171936035156,230.74386596679688,236.99998474121094,240.4083251953125,244.68092346191406,244.96682739257812,247.41053771972656,253.46438598632812,254.6520538330078,255.65757751464844,259.035888671875,266.39739990234375,266.6883544921875,269.1727294921875,269.6779479980469,270.1874084472656,272.23504638671875,275.78131103515625,275.8652038574219,276.0187072753906,276.4845886230469,278.68157958984375,284.674072265625,285.5593566894531,288.1489562988281,288.3704528808594,290.05126953125,293.4784240722656,293.5687255859375,297.5397644042969,298.9174499511719,299.6595153808594,299.7117919921875,301.15869140625,302.5066833496094,304.03271484375,307.5176696777344,
1497,296,1,5.413191318511963,140.20370483398438,164.1685333251953,191.259033203125,219.2371368408203,235.287353515625,240.25384521484375,242.18267822265625,243.32672119140625,243.8882293701172,257.83355712890625,259.2783203125,264.2073974609375,266.4009094238281,268.8099365234375,277.41583251953125,279.65911865234375,287.2076721191406,292.0702209472656,294.2123107910156,295.5563659667969,300.4136047363281,300.8370361328125,303.1329345703125,303.6927490234375,306.2315673828125,307.4073181152344,310.3294677734375,316.9862976074219,320.9300537109375,323.7442932128906,324.0881652832031,326.6638488769531,327.6228942871094,334.55023193359375,339.1994934082031,341.017578125,341.41650390625,344.3192138671875,348.0143737792969,348.0642395019531,349.04583740234375,349.7352294921875,356.67596435546875,357.9477844238281,358.6906433105469,361.8688659667969,369.46881103515625,372.3856506347656,375.3831787109375,
615,195,1,12.804854393005371,314.6147766113281,319.1363525390625,333.37860107421875,335.4729919433594,339.5250549316406,341.3507385253906,347.037841796875,357.0289001464844,363.5564880371094,363.7554931640625,366.2940673828125,367.2226867675781,369.0523376464844,382.33428955078125,386.93634033203125,399.73388671875,402.85040283203125,404.7070617675781,414.18505859375,415.9868469238281,416.26666259765625,416.5528869628906,420.8320007324219,423.3170471191406,426.6787109375,430.775634765625,431.9009704589844,432.4080505371094,440.394775390625,442.0509338378906,446.592041015625,446.65765380859375,448.14739990234375,449.09063720703125,452.265625,455.9353942871094,456.1802673339844,456.2694396972656,457.57403564453125,459.87890625,460.6728515625,462.8364562988281,464.8642272949219,464.8767395019531,465.64068603515625,466.18646240234375,466.80029296875,467.5270080566406,468.905029296875,
1152,264,1,3.5876424312591553,60.67972946166992,65.78448486328125,76.36337280273438,85.43574523925781,90.31961822509766,90.45052337646484,90.88219451904297,92.25164031982422,92.72113800048828,107.9574966430664,108.16487884521484,109.9504165649414,110.80271911621094,111.23038482666016,113.84080505371094,121.7024154663086,124.66303253173828,128.59034729003906,130.75299072265625,131.5444793701172,137.3055877685547,137.312255859375,137.9623260498047,139.385986328125,141.2738037109375,141.65724182128906,142.13580322265625,143.73341369628906,144.3841552734375,148.5847930908203,153.1843719482422,153.55128479003906,153.79283142089844,153.95127868652344,154.00323486328125,154.38270568847656,155.00689697265625,155.7658233642578,161.67633056640625,167.51217651367188,170.3166046142578,173.05755615234375,175.17276000976562,175.63479614257812,175.8306427001953,178.88296508789062,179.13453674316406,179.21221923828125,180.33839416503906,
1169,265,1,2.3518805503845215,30.398706436157227,32.59964370727539,41.851600646972656,50.8768196105957,53.555477142333984,59.52286148071289,70.59748840332031,74.25670623779297,81.28788757324219,81.76673889160156,83.4857406616211,85.39601135253906,87.90078735351562,96.16569519042969,96.3077621459961,109.6126708984375,111.6862564086914,115.25167083740234,117.09938049316406,118.94133758544922,122.33578491210938,123.16485595703125,123.85965728759766,128.44996643066406,129.53305053710938,131.89552307128906,134.2637176513672,140.7300567626953,140.8943328857422,141.8935546875,143.90765380859375,151.873291015625,153.36239624023438,154.72329711914062,155.6931915283203,157.38729858398438,158.089111328125,158.7397003173828,158.7799072265625,160.48683166503906,161.01121520996094,161.0962677001953,162.7655029296875,164.1438446044922,165.06158447265625,168.68853759765625,170.36672973632812,172.2286834716797,172.69464111328125,
1673,299,1,2.380124807357788,59.67008590698242,83.80037689208984,89.36421203613281,90.72126770019531,90.90829467773438,92.36817932128906,100.13973236083984,105.22631072998047,118.2920150756836,131.99978637695312,138.50607299804688,140.92648315429688,147.5023651123047,149.89883422851562,150.01205444335938,150.1874237060547,154.0818634033203,156.83316040039062,158.4499969482422,164.78482055664062,165.15969848632812,168.04478454589844,168.62698364257812,170.248046875,171.3679962158203,172.23944091796875,172.51051330566406,174.12643432617188,174.653076171875,176.38565063476562,178.5516815185547,181.28858947753906,182.1636962890625,182.7205810546875,182.99403381347656,183.42874145507812,187.14784240722656,189.54766845703125,189.82801818847656,190.41506958007812,192.30618286132812,192.5343017578125,193.84129333496094,194.740234375,196.96939086914062,198.09324645996094,200.18174743652344,200.88250732421875,201.3108673095703,
115,165,1,9.509371757507324,76.14595031738281,84.67970275878906,86.9957504272461,90.1281967163086,90.38014221191406,91.94892120361328,95.70130157470703,97.55964660644531,101.2346420288086,103.7477798461914,111.62345123291016,113.34056854248047,114.8746566772461,117.17353057861328,117.35134887695312,117.87552642822266,118.40779113769531,118.64472961425781,120.6754150390625,122.25358581542969,129.70184326171875,131.58029174804688,132.84268188476562,132.87493896484375,133.65158081054688,135.1851806640625,137.21136474609375,138.648681640625,141.86314392089844,143.2787628173828,146.59893798828125,149.6615753173828,150.6330108642578,151.14649963378906,154.56878662109375,154.69151306152344,154.79476928710938,156.0931396484375,159.72491455078125,159.73915100097656,160.55035400390625,161.1901397705078,161.27761840820312,162.12368774414062,162.83245849609375,163.2369384765625,163.68548583984375,163.89187622070312,166.18069458007812,
1617,294,1,3.036125421524048,86.61616516113281,100.65338897705078,155.3289337158203,169.20758056640625,171.2707977294922,173.77879333496094,186.83018493652344,190.01312255859375,190.17347717285156,190.25946044921875,190.40135192871094,203.59019470214844,206.21859741210938,214.5715789794922,217.70274353027344,218.58172607421875,219.4485626220703,220.0814208984375,221.78977966308594,222.07174682617188,225.1837921142578,225.790771484375,228.31297302246094,232.0247039794922,235.40577697753906,236.5908966064453,239.1874237060547,239.78439331054688,240.02798461914062,240.82473754882812,242.50917053222656,245.30422973632812,245.315185546875,247.37490844726562,248.4470977783203,249.8585968017578,251.61502075195312,253.28842163085938,255.32015991210938,257.7339172363281,259.6278991699219,260.4842224121094,261.25653076171875,262.487548828125,262.5171813964844,266.6477355957031,269.34869384765625,270.0819091796875,270.5243225097656,
1641,296,1,1.235836386680603,103.2178726196289,131.13845825195312,132.2088165283203,135.47372436523438,144.80099487304688,147.21688842773438,148.42010498046875,152.76754760742188,155.74356079101562,162.60577392578125,165.82461547851562,168.54559326171875,180.4969482421875,184.66673278808594,184.9818572998047,185.4859161376953,187.98663330078125,195.95260620117188,196.02462768554688,202.3101043701172,203.17269897460938,205.6433868408203,212.9430694580078,219.11929321289062,230.30941772460938,232.6817626953125,233.72122192382812,234.03118896484375,235.1090087890625,235.18167114257812,235.46144104003906,236.59317016601562,238.5753631591797,238.65455627441406,239.67532348632812,247.95504760742188,249.86685180664062,251.8989715576172,255.12228393554688,259.5625915527344,260.7132568359375,261.69952392578125,262.0628662109375,262.3316650390625,263.3735656738281,263.7520446777344,263.90087890625,267.2442321777344,268.99224853515625,
1363,299,1,1.3589775562286377,159.08045959472656,226.89553833007812,365.00433349609375,366.33056640625,369.6639099121094,410.93951416015625,424.8049011230469,429.5340881347656,436.6625061035156,446.8343811035156,481.7690734863281,490.7463073730469,500.54254150390625,500.55377197265625,503.74517822265625,516.85791015625,517.91064453125,532.2840576171875,537.7042236328125,539.3908081054688,539.4649658203125,541.8449096679688,545.950439453125,548.7091064453125,555.6356201171875,557.3983154296875,574.15380859375,574.4876098632812,580.2354125976562,584.69482421875,585.1637573242188,587.6563720703125,588.107177734375,589.4202880859375,592.6295166015625,594.2645874023438,599.0660400390625,601.6378173828125,601.6421508789062,613.1713256835938,625.6035766601562,626.01611328125,634.3004150390625,637.1914672851562,641.0032348632812,641.7692260742188,642.1776733398438,644.9169311523438,649.9344482421875,
1491,285,1,1.8806058168411255,145.51104736328125,160.10450744628906,171.45950317382812,198.79563903808594,203.352294921875,208.63522338867188,227.91354370117188,227.9986572265625,287.056396484375,296.53472900390625,313.3525085449219,314.8585205078125,314.8916320800781,317.2198791503906,325.1611633300781,330.49530029296875,333.1641540527344,334.95501708984375,339.1780090332031,340.31756591796875,340.6113586425781,349.0290832519531,349.1394348144531,349.3719787597656,352.6268615722656,354.9947509765625,356.3231201171875,361.31793212890625,364.8187561035156,366.2812805175781,366.5575256347656,374.50262451171875,377.1788330078125,378.78875732421875,384.3651123046875,385.78564453125,386.7420654296875,386.87164306640625,389.9862365722656,390.16180419921875,393.3758239746094,396.650390625,396.72454833984375,397.359130859375,398.2583923339844,400.42510986328125,400.5057373046875,403.0238342285156,407.97821044921875,
1055,247,1,3.0627784729003906,139.08412170410156,152.76406860351562,172.08909606933594,182.7264404296875,185.51898193359375,193.22265625,193.8891143798828,197.0005645751953,197.24293518066406,199.269287109375,199.70175170898438,200.6418914794922,201.53970336914062,202.2814178466797,203.09970092773438,203.59866333007812,204.683349609375,208.62557983398438,209.8997802734375,223.02203369140625,223.42889404296875,225.30836486816406,225.560546875,233.0106201171875,233.05735778808594,234.55941772460938,235.20655822753906,235.66542053222656,237.1698760986328,239.380126953125,245.55038452148438,246.47512817382812,249.39637756347656,251.68272399902344,252.5072784423828,254.69793701171875,256.2790222167969,256.42724609375,258.8814697265625,264.0180969238281,266.0291748046875,267.4787292480469,267.7093200683594,270.69854736328125,275.2278137207031,275.4093322753906,277.8853454589844,278.031005859375,284.05120849609375,
434,201,1,3.426689863204956,60.84053421020508,62.232696533203125,69.33222961425781,80.20391082763672,84.90425872802734,86.11164093017578,100.56285858154297,112.89862823486328,118.95858001708984,121.3770751953125,121.78950500488281,122.4338150024414,127.27043151855469,130.105224609375,130.5693359375,134.72438049316406,136.04440307617188,138.06686401367188,141.20957946777344,142.49119567871094,143.32342529296875,144.54930114746094,145.6712188720703,147.67401123046875,148.26251220703125,148.84799194335938,148.92971801757812,149.1549530029297,149.8302459716797,150.43321228027344,151.10630798339844,155.64453125,157.46592712402344,157.89816284179688,164.93067932128906,169.1119842529297,171.3386993408203,175.09156799316406,176.53207397460938,178.31637573242188,178.51065063476562,179.7552032470703,180.92530822753906,180.9585723876953,181.1894989013672,181.51007080078125,184.12933349609375,184.42727661132812,186.63217163085938,
211,238,1,2.7087395191192627,65.04605865478516,68.50820922851562,77.05851745605469,78.559814453125,78.70325469970703,80.3958740234375,85.98990631103516,89.2227783203125,91.56505584716797,93.87251281738281,95.82058715820312,99.37284851074219,99.73541259765625,101.31990814208984,103.47782897949219,105.96250915527344,109.66815185546875,110.01948547363281,110.48786163330078,110.73944854736328,111.8424301147461,117.88829803466797,120.27908325195312,121.31198120117188,121.83845520019531,123.18777465820312,124.48255920410156,125.91658020019531,127.1528549194336,130.57342529296875,133.48841857910156,134.2530059814453,136.5697479248047,136.87013244628906,139.17613220214844,139.36834716796875,139.51878356933594,140.99755859375,141.052490234375,142.98744201660156,144.7091064453125,145.0234832763672,146.2880401611328,146.51109313964844,149.17996215820312,149.84278869628906,152.96539306640625,155.82876586914062,156.84429931640625,
331,32,1,24.381633758544922,214.76414489746094,235.63134765625,254.87684631347656,266.6890869140625,268.5655822753906,269.63800048828125,275.2462463378906,277.4654541015625,288.4442138671875,296.1192321777344,299.17388916015625,302.7678527832031,304.1118469238281,308.3942565917969,308.76922607421875,309.64947509765625,314.37066650390625,317.06280517578125,318.5362243652344,320.12939453125,321.5015563964844,321.5896911621094,324.04193115234375,324.3778991699219,326.5873107910156,330.798828125,331.5247497558594,331.9896545410156,333.387939453125,333.5640869140625,338.3441162109375,346.9528503417969,348.9587707519531,350.0549621582031,350.34014892578125,351.214599609375,351.3764953613281,351.59063720703125,354.7151794433594,355.47637939453125,360.02532958984375,360.635009765625,361.0509948730469,361.36712646484375,361.3878173828125,363.887451171875,365.80340576171875,365.85418701171875,374.8752746582031,
1613,287,1,6.828854084014893,242.25302124023438,258.37518310546875,308.86981201171875,325.4991149902344,333.45513916015625,335.948486328125,348.5710754394531,349.3376770019531,352.7567443847656,357.82257080078125,361.65838623046875,384.0875549316406,399.088134765625,401.86865234375,407.91748046875,408.868896484375,409.1197509765625,413.0911560058594,413.0943298339844,415.8682556152344,418.3116760253906,425.0880432128906,425.1183776855469,425.5496826171875,428.4935607910156,429.0934143066406,429.18170166015625,431.0361328125,432.1624755859375,432.433349609375,435.6724548339844,436.6484680175781,439.982177734375,441.78497314453125,447.3586730957031,451.1286926269531,451.588134765625,453.40069580078125,457.146728515625,460.9656982421875,461.1277770996094,462.2848815917969,466.6706848144531,467.3279724121094,470.8402404785156,473.6642761230469,482.1499938964844,483.19500732421875,483.7210693359375,
1626,293,1,2.218003749847412,26.308963775634766,83.10626983642578,119.50038146972656,120.95152282714844,129.8618927001953,150.39088439941406,151.490966796875,159.90480041503906,160.36328125,166.25689697265625,171.97158813476562,173.4135284423828,174.84759521484375,181.3583984375,186.6182098388672,191.53469848632812,192.25137329101562,193.99119567871094,194.88922119140625,198.14630126953125,200.94520568847656,201.38888549804688,204.91363525390625,210.84881591796875,212.66282653808594,214.3414306640625,216.62551879882812,218.3194580078125,219.36663818359375,219.6185760498047,220.12344360351562,221.94895935058594,222.4712677001953,224.77757263183594,224.77818298339844,227.38877868652344,229.37359619140625,229.56626892089844,230.2576141357422,231.2301025390625,231.54527282714844,237.39527893066406,238.78407287597656,239.68206787109375,242.0357666015625,243.20150756835938,244.6999053955078,245.99740600585938,247.1112518310547,
1377,296,1,3.884174108505249,198.0165252685547,200.39707946777344,254.32289123535156,286.8240051269531,292.4288635253906,302.0484924316406,326.3484802246094,328.6738586425781,331.569580078125,333.9198303222656,336.70001220703125,339.4807434082031,352.3042297363281,361.93756103515625,365.4389343261719,373.83001708984375,379.58685302734375,386.70245361328125,390.8003234863281,391.9323425292969,394.31658935546875,405.54364013671875,406.6400451660156,406.8548583984375,409.9244079589844,414.0130310058594,414.65435791015625,419.273681640625,427.73260498046875,427.958251953125,428.34735107421875,428.41552734375,432.3661804199219,433.6156005859375,435.865478515625,445.5594177246094,449.02581787109375,455.2749328613281,455.3898010253906,457.4606628417969,457.6809387207031,461.14752197265625,462.4681701660156,468.1154479980469,475.4552307128906,478.2486572265625,480.7863464355469,481.3984069824219,484.4350280761719,
753,201,1,4.203803062438965,58.620460510253906,67.74264526367188,85.41802215576172,85.86259460449219,93.5702133178711,104.7809829711914,105.3289794921875,107.19171142578125,111.17572021484375,112.37191009521484,115.5916519165039,116.54090881347656,124.16279602050781,124.52796936035156,126.95452117919922,127.49609375,129.89805603027344,130.1207733154297,132.6937713623047,134.391845703125,136.72271728515625,139.70265197753906,141.8697509765625,150.56494140625,152.75328063964844,153.2710723876953,154.59732055664062,154.9197235107422,155.89817810058594,156.8167266845703,158.81776428222656,161.00491333007812,161.85154724121094,162.1113739013672,162.6094970703125,163.7340087890625,165.89788818359375,166.17591857910156,166.41233825683594,167.68309020996094,170.07870483398438,174.6170196533203,176.41763305664062,176.62733459472656,178.42477416992188,178.84280395507812,179.0336456298828,179.08949279785156,179.3452911376953,
165,73,1,21.48282241821289,88.75614166259766,89.6221694946289,92.80949401855469,93.6886978149414,95.13276672363281,100.33866882324219,100.90821838378906,103.59829711914062,106.2088623046875,110.40963745117188,115.32843780517578,117.14436340332031,117.77301788330078,121.281005859375,122.52584075927734,122.8117904663086,123.15396881103516,123.83399200439453,124.12992858886719,126.41297912597656,127.33348846435547,127.62639617919922,132.30422973632812,132.7508544921875,133.21885681152344,133.48487854003906,134.44715881347656,138.93646240234375,140.86843872070312,142.957275390625,143.82693481445312,144.15936279296875,144.2891082763672,146.46226501464844,147.7175750732422,147.83523559570312,148.28321838378906,149.43460083007812,154.33084106445312,157.7672119140625,158.93026733398438,159.3983154296875,159.95669555664062,160.11460876464844,161.2581024169922,161.9248809814453,163.0501708984375,163.2653045654297,163.50985717773438,
446,208,1,1.6610103845596313,45.049346923828125,45.202213287353516,70.03031921386719,72.34617614746094,124.56948852539062,140.4010009765625,142.12911987304688,145.87339782714844,147.373046875,181.6481170654297,186.77081298828125,194.66717529296875,196.66744995117188,199.71791076660156,222.76283264160156,229.63095092773438,231.3433074951172,231.69512939453125,232.16586303710938,238.91226196289062,240.5421600341797,244.36167907714844,251.36170959472656,254.1943359375,254.58493041992188,255.32989501953125,257.6788024902344,259.77850341796875,260.49920654296875,263.2453308105469,265.74908447265625,268.9626770019531,269.8333740234375,276.0267639160156,277.21368408203125,277.9605712890625,281.42816162109375,284.33367919921875,285.3034362792969,285.6979675292969,287.3861389160156,291.2113342285156,293.4412536621094,293.65478515625,293.6810607910156,295.8970642089844,296.6539611816406,296.6582336425781,297.26519775390625,
963,262,1,1.614214301109314,23.59090805053711,45.44536590576172,45.55882263183594,52.559574127197266,77.55352783203125,82.71533203125,92.25965881347656,97.47080993652344,98.11998748779297,98.60282897949219,102.5563735961914,104.2698974609375,104.852783203125,104.92195892333984,116.77235412597656,121.26265716552734,123.1092529296875,125.21348571777344,129.2128448486328,130.1479034423828,130.51748657226562,132.66329956054688,133.26406860351562,137.60743713378906,139.45338439941406,140.92098999023438,142.85922241210938,146.84649658203125,147.56126403808594,148.72793579101562,153.88575744628906,154.48117065429688,155.63197326660156,156.90481567382812,159.85760498046875,159.95407104492188,162.2448272705078,163.70314025878906,163.72775268554688,164.1477813720703,164.92074584960938,164.97865295410156,166.0707550048828,166.6050262451172,167.54458618164062,168.67233276367188,168.68283081054688,172.28868103027344,174.55783081054688,
1690,291,1,2.505246877670288,140.6372833251953,151.10240173339844,157.1013946533203,160.2076416015625,162.98556518554688,167.28309631347656,169.43643188476562,169.65835571289062,175.09303283691406,175.5681610107422,177.1953125,177.35647583007812,178.10281372070312,178.98646545410156,180.9935302734375,188.9722900390625,189.62408447265625,189.93634033203125,196.95965576171875,197.8878173828125,202.80810546875,204.87347412109375,207.30010986328125,208.15069580078125,208.35736083984375,208.9105682373047,208.99127197265625,209.8713836669922,211.62106323242188,215.1279296875,216.14122009277344,220.05908203125,221.24563598632812,221.42738342285156,221.60818481445312,222.6979522705078,223.63771057128906,223.87017822265625,224.0972442626953,224.283203125,225.45391845703125,225.85569763183594,228.6862030029297,232.36309814453125,235.472412109375,236.23849487304688,236.98095703125,237.17391967773438,237.31842041015625,
426,195,1,2.6669933795928955,22.956464767456055,68.66378784179688,75.21894073486328,139.54197692871094,140.05508422851562,184.11863708496094,194.65750122070312,205.78582763671875,212.5453643798828,217.15940856933594,230.82180786132812,234.8612823486328,234.9665069580078,236.99118041992188,258.9009704589844,259.58270263671875,262.80926513671875,263.6802673339844,268.0775451660156,273.26348876953125,278.7851867675781,281.83148193359375,282.6554260253906,284.7388610839844,286.2530517578125,286.487060546875,290.5699157714844,292.83428955078125,294.4626770019531,294.7883605957031,300.12841796875,303.23846435546875,304.6995544433594,310.54388427734375,312.4879455566406,313.6432800292969,314.78228759765625,315.0023498535156,315.1874694824219,316.12640380859375,318.26922607421875,320.8894958496094,321.0901794433594,321.15264892578125,322.9825744628906,323.95068359375,326.01873779296875,326.50469970703125,328.1068420410156,
878,13,1,74.47920227050781,161.72019958496094,163.5309295654297,170.80369567871094,181.6147003173828,183.98641967773438,192.8746795654297,193.38247680664062,195.0917510986328,195.20138549804688,203.53982543945312,203.9842071533203,210.6358642578125,211.1377716064453,214.3804931640625,215.2196807861328,218.45455932617188,220.4722900390625,221.56256103515625,227.2250518798828,229.2683563232422,229.30731201171875,231.57659912109375,238.9396514892578,239.8728790283203,240.29470825195312,243.94956970214844,245.50949096679688,248.49195861816406,251.2510223388672,252.38247680664062,253.0833282470703,253.56170654296875,256.65960693359375,259.3455505371094,260.8771667480469,260.9998474121094,261.39031982421875,264.742431640625,264.9195556640625,274.75677490234375,275.4444274902344,276.1169128417969,281.7791748046875,284.1407165527344,286.9571228027344,289.1900329589844,290.3439025878906,291.83843994140625,294.7264099121094,
408,197,1,2.4038407802581787,45.94092559814453,46.387542724609375,76.42401123046875,77.64888000488281,84.25121307373047,127.39688110351562,139.15625,144.89683532714844,150.0143585205078,168.2133331298828,173.54641723632812,175.69046020507812,179.89459228515625,185.93994140625,186.0496063232422,186.5287628173828,188.35423278808594,192.8452606201172,194.55421447753906,203.74534606933594,207.23101806640625,208.3450164794922,208.4921112060547,212.4228057861328,213.49111938476562,215.1520233154297,219.34706115722656,219.67706298828125,223.6222686767578,227.67930603027344,230.00277709960938,230.9516143798828,231.4110107421875,234.14344787597656,236.5711669921875,240.60365295410156,242.65084838867188,242.7743377685547,243.64247131347656,244.27078247070312,246.6789093017578,247.0453338623047,248.8998260498047,250.49139404296875,250.828125,251.2012939453125,257.3339538574219,258.1720886230469,260.3697509765625,
1198,257,1,3.5357041358947754,11.765905380249023,211.91845703125,265.5338439941406,271.0,288.8626403808594,289.7083435058594,292.132080078125,298.2981872558594,307.15045166015625,308.8969421386719,317.5902099609375,319.60015869140625,320.3092956542969,321.3186340332031,321.7168884277344,327.01422119140625,327.8352355957031,328.021728515625,346.75885009765625,349.7917175292969,350.38262939453125,351.7037353515625,355.83270263671875,360.58349609375,365.236572265625,366.46246337890625,370.6942138671875,370.8612365722656,372.1634521484375,375.0718078613281,385.17767333984375,386.5740966796875,392.9776306152344,394.20074462890625,394.63616943359375,395.8756408691406,399.07464599609375,399.4901428222656,400.4629211425781,400.5685119628906,401.765625,402.530517578125,402.9026184082031,405.1105651855469,409.1854553222656,409.33465576171875,410.18304443359375,410.9393310546875,411.7157897949219,
1448,291,1,3.4872305393218994,88.80033111572266,196.999267578125,202.21633911132812,205.66275024414062,214.1322479248047,217.31622314453125,224.44921875,243.6761932373047,246.33399963378906,253.7211151123047,263.494140625,271.9283447265625,278.36187744140625,284.9175720214844,291.2276611328125,297.8367919921875,300.5267333984375,301.8503723144531,303.25408935546875,306.6203918457031,308.1339111328125,313.4003601074219,320.83599853515625,327.30029296875,329.2817077636719,329.76318359375,329.9052734375,333.5873718261719,334.25836181640625,334.6153869628906,335.81195068359375,336.0316162109375,336.5392761230469,336.6717834472656,344.8834228515625,345.2056884765625,346.9407958984375,348.3813781738281,350.4674377441406,352.610595703125,355.8260498046875,358.6761169433594,360.5995788574219,363.910888671875,364.18804931640625,364.5976867675781,365.5124206542969,366.80230712890625,369.2568664550781,
397,199,1,7.495327472686768,32.032466888427734,78.26753234863281,79.59752655029297,97.71695709228516,103.28958892822266,113.48056030273438,114.85325622558594,118.99464416503906,119.3238525390625,120.98255157470703,121.03277587890625,121.59504699707031,126.3141860961914,128.36895751953125,134.4869842529297,137.95030212402344,141.57620239257812,143.00857543945312,148.14805603027344,149.50755310058594,151.1197509765625,151.85452270507812,153.39022827148438,155.39422607421875,156.73313903808594,157.6737060546875,159.52354431152344,165.05426025390625,165.31764221191406,166.018310546875,166.1190185546875,167.13963317871094,168.98634338378906,169.75845336914062,171.0189208984375,171.02037048339844,171.33078002929688,172.36593627929688,173.2505645751953,174.56967163085938,175.98851013183594,177.91375732421875,178.17376708984375,178.8421630859375,179.22640991210938,180.1259307861328,180.1419677734375,180.9431915283203,181.26463317871094,
794,19,1,27.407886505126953,102.54261016845703,113.06352233886719,120.95571899414062,132.64071655273438,139.3103790283203,147.06063842773438,150.77938842773438,154.69529724121094,165.93370056152344,166.91961669921875,170.67446899414062,172.54364013671875,175.8470916748047,176.6215362548828,176.76829528808594,178.05596923828125,178.09396362304688,178.49624633789062,179.29408264160156,183.021728515625,185.12550354003906,185.89752197265625,188.29722595214844,189.2487030029297,191.436767578125,191.45469665527344,191.9119110107422,197.17764282226562,202.95252990722656,203.88221740722656,204.07025146484375,205.15875244140625,209.8277587890625,210.20272827148438,210.8101043701172,213.2456512451172,214.08299255371094,214.5021209716797,216.8109588623047,217.2519989013672,219.17124938964844,222.90145874023438,225.7365264892578,228.02366638183594,228.6427001953125,228.8091278076172,232.75326538085938,233.14854431152344,234.4906005859375,
1154,254,1,3.418098211288452,80.15137481689453,106.78897094726562,108.1028823852539,121.73458862304688,126.78868865966797,142.4281005859375,150.2693634033203,150.7364044189453,160.204345703125,161.23020935058594,163.56741333007812,172.47288513183594,174.61863708496094,177.15957641601562,177.93629455566406,181.68133544921875,183.43128967285156,189.4889373779297,190.11083984375,192.43695068359375,200.81466674804688,203.02413940429688,203.09031677246094,206.9213409423828,207.39035034179688,208.6609649658203,210.13099670410156,210.53207397460938,211.9481201171875,214.59793090820312,218.69766235351562,219.09552001953125,220.00390625,221.83766174316406,222.6598358154297,224.4860382080078,224.79196166992188,225.146484375,225.83953857421875,228.05606079101562,230.38861083984375,231.23870849609375,234.2660675048828,234.63031005859375,234.9535675048828,236.07601928710938,237.6688232421875,238.20249938964844,242.1399688720703,
597,197,1,7.951460361480713,71.60564422607422,72.7257308959961,86.1145248413086,89.88432312011719,96.21143341064453,107.8474349975586,108.3006591796875,118.24930572509766,120.82403564453125,126.92060089111328,129.62660217285156,133.00448608398438,134.5279083251953,137.15130615234375,137.634033203125,138.69638061523438,139.20468139648438,141.13412475585938,148.29087829589844,151.7333221435547,154.32183837890625,156.0332794189453,156.47418212890625,159.45606994628906,163.21658325195312,163.51873779296875,163.85177612304688,164.37026977539062,165.1173553466797,167.23216247558594,169.93270874023438,169.9364013671875,173.412353515625,178.30601501464844,179.49293518066406,179.6258544921875,181.8995361328125,182.24732971191406,183.03488159179688,184.5323486328125,184.85755920410156,185.4014434814453,187.86215209960938,187.91683959960938,189.39801025390625,189.4376983642578,190.73696899414062,191.55807495117188,191.9222412109375,
1044,258,1,3.279296875,64.67097473144531,100.12985229492188,106.47671508789062,109.77555084228516,111.21066284179688,121.8921127319336,122.44806671142578,125.70811462402344,130.0110626220703,134.10926818847656,134.4933624267578,137.1932373046875,137.548095703125,138.2258758544922,140.26718139648438,141.5038299560547,141.83006286621094,142.11184692382812,142.28887939453125,144.22415161132812,145.41067504882812,150.02757263183594,150.2135009765625,153.2982635498047,153.61856079101562,155.4414825439453,155.6981964111328,158.35377502441406,158.71865844726562,161.35879516601562,161.71090698242188,162.49697875976562,165.73927307128906,168.37403869628906,168.64561462402344,168.69960021972656,168.72694396972656,169.7952117919922,170.0369415283203,171.32643127441406,171.4775390625,171.85597229003906,174.04061889648438,176.38430786132812,185.73402404785156,185.79151916503906,188.26898193359375,189.10903930664062,189.81961059570312,
1464,296,1,5.360437870025635,68.10044860839844,77.04935455322266,98.6554946899414,164.4300079345703,196.0417938232422,218.04046630859375,222.18820190429688,223.8673553466797,227.6940155029297,230.357421875,235.7134552001953,238.94874572753906,250.85707092285156,259.10955810546875,282.52813720703125,285.1396484375,309.7542419433594,314.37738037109375,315.97918701171875,328.1575622558594,339.4515380859375,344.3605041503906,344.84930419921875,345.3861389160156,346.99945068359375,356.8727722167969,362.1812438964844,364.5726013183594,365.8373107910156,379.97796630859375,380.8485107421875,396.2302551269531,400.208984375,407.95562744140625,413.2897033691406,415.247314453125,432.20526123046875,436.94024658203125,439.7557373046875,441.1926574707031,441.5644226074219,444.41143798828125,445.7903747558594,449.1589050292969,451.0666809082031,455.7137145996094,456.1416931152344,461.0567932128906,462.0946044921875,
207,273,1,2.8621087074279785,96.12265014648438,109.2463607788086,138.7076873779297,138.8583984375,154.31895446777344,155.5146942138672,160.5485076904297,160.75486755371094,163.84007263183594,166.05775451660156,166.09149169921875,168.8439483642578,173.40065002441406,175.09237670898438,178.0029754638672,179.302734375,180.76718139648438,181.13648986816406,182.81149291992188,183.13612365722656,183.51922607421875,184.23902893066406,188.41104125976562,189.9488983154297,190.588134765625,191.24005126953125,193.9493408203125,198.54913330078125,198.64840698242188,199.0377197265625,199.65956115722656,202.32687377929688,203.52291870117188,207.0741424560547,207.49057006835938,207.5933837890625,209.29583740234375,209.5303497314453,211.8687286376953,213.16259765625,217.13595581054688,217.69602966308594,218.23724365234375,219.0561981201172,221.6912078857422,221.88352966308594,222.6718292236328,224.07266235351562,224.65455627441406,
469,193,1,7.9716796875,59.95289611816406,92.6136703491211,107.85171508789062,108.39163208007812,110.07245635986328,110.47569274902344,111.43961334228516,113.78373718261719,115.9408187866211,122.96158599853516,124.45601654052734,126.78242492675781,130.539794921875,130.7118377685547,133.12725830078125,133.56666564941406,139.3828125,140.28619384765625,144.5325164794922,145.2275848388672,145.93385314941406,146.80673217773438,151.87179565429688,152.60150146484375,152.8285369873047,152.86322021484375,153.01889038085938,153.59286499023438,154.92974853515625,156.11009216308594,156.2578125,157.64793395996094,158.3837127685547,158.76248168945312,159.2861328125,160.26040649414062,162.0806121826172,162.85609436035156,164.61196899414062,164.90188598632812,165.61732482910156,165.8853759765625,166.1748046875,166.48069763183594,166.5059356689453,167.9894256591797,168.98486328125,169.6439208984375,170.2105255126953,
119,14,1,23.004207611083984,76.34789276123047,81.14739227294922,82.87814331054688,97.33015441894531,99.4884033203125,106.57917022705078,107.41401672363281,107.78569793701172,108.00411224365234,108.14524841308594,108.8615493774414,113.59476470947266,117.03855895996094,117.79512786865234,118.27172088623047,119.80935668945312,120.74844360351562,121.051513671875,121.44104766845703,123.04051971435547,123.25621032714844,124.95594787597656,125.90727996826172,127.46488189697266,128.8285675048828,128.94908142089844,129.2018280029297,129.2641143798828,129.69775390625,130.8711395263672,131.43199157714844,131.7667999267578,132.7616424560547,132.8280487060547,133.52662658691406,133.97860717773438,134.7895050048828,135.83087158203125,138.91793823242188,140.5764923095703,141.6748809814453,143.0657196044922,145.05734252929688,145.71446228027344,146.6679229736328,150.6478729248047,151.0282440185547,151.35159301757812,151.50686645507812,
194,256,1,1.4078271389007568,148.2155303955078,148.49684143066406,170.2133026123047,195.6356964111328,197.38124084472656,199.26315307617188,203.5313720703125,213.6223602294922,213.9500274658203,218.53025817871094,224.28045654296875,227.38119506835938,232.54879760742188,239.75765991210938,242.29052734375,244.7197265625,248.0591278076172,248.40345764160156,249.3718719482422,249.9066619873047,249.95289611816406,251.78634643554688,255.19224548339844,260.5782470703125,263.5894470214844,264.0300598144531,264.07830810546875,268.16925048828125,269.3424377441406,271.3199157714844,274.2214660644531,279.8999328613281,279.9299011230469,283.56396484375,290.3530578613281,292.1936950683594,299.2959289550781,300.26055908203125,300.3491516113281,302.09246826171875,303.27850341796875,306.14215087890625,306.1539306640625,306.16552734375,306.2549133300781,313.8053894042969,314.0101318359375,315.0099792480469,316.4184265136719,
324,33,1,31.621458053588867,173.0719451904297,214.92897033691406,226.47337341308594,232.44593811035156,250.76031494140625,253.46551513671875,261.1822814941406,263.6829833984375,264.8013000488281,265.3370666503906,265.3790588378906,266.82818603515625,269.53924560546875,271.530029296875,275.3124694824219,279.5480041503906,280.343017578125,283.1558837890625,283.3296813964844,293.140380859375,294.3406066894531,296.6112976074219,297.3502502441406,301.2280578613281,312.4233093261719,313.9914855957031,314.0517578125,315.1703186035156,317.6116943359375,319.11834716796875,319.574462890625,320.1952209472656,320.6047668457031,320.7082824707031,321.7713623046875,322.291748046875,325.1236267089844,329.7324523925781,332.9383544921875,335.2921447753906,335.6839294433594,336.3644714355469,342.0838317871094,342.235595703125,342.3729553222656,342.7305603027344,342.79949951171875,343.63201904296875,345.11505126953125,
385,192,1,2.484614849090576,9.883562088012695,51.56877899169922,65.70738983154297,69.11712646484375,76.63861846923828,91.50788116455078,95.6084976196289,100.11890411376953,108.00867462158203,123.23396301269531,124.35919189453125,141.9152374267578,144.2898406982422,149.13140869140625,149.14730834960938,150.0785369873047,161.6582794189453,162.04461669921875,167.3304901123047,169.81854248046875,174.94532775878906,175.1228790283203,177.96261596679688,178.81492614746094,180.4053955078125,182.00833129882812,183.62106323242188,186.12271118164062,193.6272735595703,197.04539489746094,199.25848388671875,200.28939819335938,201.53379821777344,202.62567138671875,204.736083984375,209.65028381347656,214.08929443359375,215.60354614257812,225.2401580810547,226.02444458007812,226.4974822998047,226.78497314453125,229.15780639648438,234.9575653076172,235.98489379882812,236.21896362304688,237.7578582763672,239.1536865234375,240.3077850341797,
261,297,1,3.801849365234375,324.6177978515625,335.7826232910156,336.5961608886719,337.33740234375,342.8213806152344,351.3014831542969,353.7123718261719,353.8597717285156,359.6919860839844,361.2112121582031,366.54351806640625,373.3898010253906,376.3593444824219,377.1548156738281,378.48150634765625,380.235107421875,381.2916564941406,381.310791015625,388.96527099609375,389.7262268066406,391.0909118652344,391.9005432128906,400.1519470214844,401.7434387207031,402.9317932128906,404.9114074707031,406.7063293457031,411.58819580078125,413.4609375,414.8886413574219,417.34185791015625,418.0492858886719,418.371826171875,419.2692565917969,420.0704040527344,420.4353332519531,421.72247314453125,422.4952087402344,423.18896484375,424.3031005859375,428.90020751953125,429.22259521484375,430.5708312988281,431.32611083984375,431.4760437011719,434.3748474121094,434.7575378417969,435.04217529296875,439.77435302734375,
1350,302,1,5.490574836730957,180.9619140625,197.4644775390625,220.85667419433594,237.6622772216797,278.5770263671875,286.9471435546875,312.5167236328125,312.71185302734375,315.39886474609375,326.850830078125,348.5186767578125,360.5405578613281,373.4645080566406,376.64697265625,377.24493408203125,387.2597961425781,391.2385559082031,399.77545166015625,404.18817138671875,412.5828552246094,419.7942810058594,422.32342529296875,424.0784606933594,425.33251953125,437.8871154785156,439.8437805175781,440.5127868652344,441.6052551269531,442.2840270996094,443.3145751953125,444.6246032714844,450.3766784667969,457.4712219238281,463.2666320800781,465.8885498046875,466.36187744140625,466.6363525390625,472.22705078125,474.9847717285156,480.8959045410156,485.64288330078125,490.3387451171875,506.8446350097656,516.7101440429688,517.9091186523438,519.4937133789062,520.4880981445312,521.4147338867188,525.7711791992188,
546,252,1,1.7000454664230347,161.84967041015625,198.06454467773438,208.37109375,211.14768981933594,221.21942138671875,223.93870544433594,224.49815368652344,229.44021606445312,237.74501037597656,240.8074951171875,241.47747802734375,243.31712341308594,262.17529296875,262.618896484375,267.22314453125,270.807373046875,273.5033874511719,274.63671875,274.6769104003906,276.49859619140625,288.4621276855469,295.1971130371094,297.3202819824219,302.5259704589844,305.715576171875,307.8951416015625,318.6734619140625,320.1896667480469,320.8869323730469,322.2581787109375,323.0315246582031,324.8105773925781,326.7379455566406,327.7268371582031,329.8720397949219,332.9396667480469,333.1546936035156,336.4840087890625,341.84698486328125,342.16326904296875,343.24462890625,344.5019836425781,348.1785583496094,348.469970703125,349.6390380859375,349.93780517578125,354.5486145019531,356.7369079589844,358.13690185546875,
543,263,1,7.148656368255615,253.43313598632812,386.14471435546875,393.2596435546875,402.7886047363281,403.42730712890625,409.30584716796875,415.960693359375,418.99346923828125,430.7083435058594,439.74005126953125,441.5046081542969,441.9988098144531,451.6937561035156,455.9208068847656,456.7343444824219,457.3728942871094,459.1163330078125,459.62457275390625,459.6931457519531,467.9839172363281,469.78961181640625,473.1335754394531,476.1813659667969,477.01483154296875,494.6592712402344,497.9544372558594,501.4911804199219,505.20159912109375,509.1365661621094,512.417724609375,515.8447265625,516.144775390625,520.4186401367188,520.52392578125,526.77001953125,528.6394653320312,529.9297485351562,530.685546875,530.7745971679688,533.0941772460938,534.4420166015625,535.3292236328125,537.1752319335938,537.4222412109375,538.0184326171875,541.4774780273438,542.401123046875,544.1934204101562,546.2866821289062,
567,255,1,1.767354965209961,142.2342071533203,143.24887084960938,159.92330932617188,167.42803955078125,170.65725708007812,192.2078399658203,195.554931640625,197.39830017089844,200.5657958984375,203.56341552734375,205.1437225341797,205.9101104736328,213.49334716796875,213.9246826171875,218.7708282470703,226.4677276611328,227.99044799804688,236.2189483642578,249.81771850585938,260.2196350097656,262.1037902832031,265.2867126464844,265.6604309082031,273.4285583496094,274.2145080566406,278.5675048828125,279.1910095214844,283.2437744140625,287.1670837402344,288.07745361328125,288.1177978515625,288.775390625,289.909912109375,293.0166320800781,294.7720031738281,296.11083984375,299.83953857421875,301.3855285644531,302.1375427246094,302.6943664550781,302.7314453125,304.7416076660156,305.682373046875,306.6994323730469,307.1958923339844,308.3820495605469,311.8572998046875,314.4170227050781,315.9364929199219,
1037,250,1,1.263164758682251,23.576345443725586,30.081710815429688,34.52203369140625,38.37736892700195,50.8623161315918,53.19623565673828,59.753211975097656,64.08226013183594,72.40303039550781,80.04364013671875,81.60327911376953,85.248046875,86.39440155029297,89.11040496826172,91.26573181152344,94.50826263427734,95.31754302978516,95.3821792602539,96.45448303222656,98.54129791259766,101.30776977539062,109.1398696899414,110.8650131225586,113.72037506103516,117.76461791992188,118.04702758789062,119.70584869384766,122.26958465576172,123.57814025878906,125.8063735961914,128.6180419921875,132.27301025390625,133.4237518310547,134.5877227783203,137.4163055419922,139.59996032714844,143.9246063232422,144.94415283203125,145.0387420654297,146.36361694335938,146.6338348388672,146.80386352539062,147.81419372558594,148.39105224609375,148.51077270507812,150.77891540527344,153.62591552734375,153.73899841308594,157.54623413085938,
1710,288,1,3.1612095832824707,121.14167785644531,157.8418731689453,159.71900939941406,164.77162170410156,165.21665954589844,201.2807159423828,201.99537658691406,208.7970733642578,211.4426727294922,212.75286865234375,214.43072509765625,220.29615783691406,220.5550537109375,221.98695373535156,222.77456665039062,226.71875,227.39205932617188,247.5390625,247.6094512939453,248.77806091308594,249.91249084472656,256.9586181640625,262.2889099121094,264.5547790527344,264.8182678222656,268.5699462890625,268.8719787597656,269.1766662597656,272.20782470703125,273.6621398925781,274.55810546875,275.04620361328125,276.59210205078125,277.46368408203125,278.3334045410156,283.5337219238281,284.0096435546875,288.31884765625,289.06756591796875,289.8345031738281,295.4769287109375,297.83123779296875,299.5538024902344,302.4360656738281,303.8775939941406,306.9035949707031,307.45172119140625,310.15753173828125,312.0273132324219,
1681,101,1,4.161495685577393,52.842308044433594,58.742061614990234,58.825233459472656,61.41397476196289,81.90550994873047,84.22891235351562,163.24420166015625,189.9888153076172,216.62533569335938,219.70494079589844,235.89317321777344,249.03404235839844,261.79681396484375,262.4625549316406,280.7413024902344,281.6166076660156,293.25848388671875,293.36431884765625,300.86322021484375,306.74395751953125,311.0782470703125,321.5615234375,325.4228515625,329.69451904296875,330.84716796875,331.70355224609375,333.5484619140625,342.4175109863281,353.40234375,359.4322204589844,359.6721496582031,359.90704345703125,359.93511962890625,360.48199462890625,361.0134582519531,361.4207763671875,362.7680358886719,365.4786071777344,367.5584716796875,372.7768249511719,373.7668151855469,374.08624267578125,375.69659423828125,377.7652282714844,386.8756103515625,389.0884094238281,391.7149658203125,393.51776123046875,397.1669616699219,
504,266,1,9.910179138183594,243.23243713378906,244.41160583496094,249.7473907470703,253.66372680664062,254.73448181152344,258.27203369140625,258.5367736816406,261.9658203125,271.08599853515625,293.4032287597656,298.460693359375,299.7220153808594,299.9115905761719,306.0931396484375,306.5411071777344,310.08056640625,311.7413024902344,313.820068359375,313.9136657714844,314.7503356933594,317.3275451660156,318.3841552734375,320.2121887207031,332.3241271972656,333.0232849121094,335.2484436035156,340.495361328125,343.95819091796875,344.1568908691406,347.740478515625,348.8248596191406,353.3114013671875,354.0821838378906,355.7248840332031,355.98638916015625,360.0055847167969,361.0762939453125,362.035888671875,362.9522705078125,363.80364990234375,367.7180480957031,370.2539367675781,370.3616027832031,372.19635009765625,372.2369689941406,374.2613220214844,376.5879821777344,377.1815490722656,382.22113037109375,
1049,253,1,2.251755475997925,91.04936218261719,128.23394775390625,128.98046875,129.8832244873047,146.2915802001953,150.2096710205078,162.65408325195312,163.55120849609375,167.9481658935547,170.11643981933594,172.00872802734375,172.26763916015625,179.08480834960938,184.80606079101562,185.31881713867188,185.4783935546875,186.38156127929688,187.27171325683594,188.9296875,190.73765563964844,191.39776611328125,192.6494903564453,196.03504943847656,196.4609832763672,197.0352020263672,199.16168212890625,199.45248413085938,200.4423065185547,200.66209411621094,200.9409942626953,203.01084899902344,203.60025024414062,204.3981475830078,205.26658630371094,205.54412841796875,205.5550994873047,206.674072265625,207.01251220703125,207.12380981445312,207.61203002929688,209.21469116210938,209.9376678466797,210.15492248535156,210.7799530029297,212.1094970703125,212.82077026367188,213.09852600097656,213.20216369628906,216.16140747070312,
378,214,1,7.35699462890625,49.970977783203125,60.43996810913086,61.244876861572266,90.56102752685547,91.03021240234375,93.13706970214844,96.77302551269531,96.98403930664062,97.07670593261719,97.62963104248047,99.06401062011719,99.48737335205078,100.72482299804688,100.8494644165039,102.40479278564453,104.62763214111328,104.78361511230469,115.37964630126953,118.11042022705078,118.65847778320312,119.84664154052734,122.07799530029297,124.92670440673828,128.89727783203125,132.9335174560547,134.47650146484375,134.77220153808594,135.9429931640625,136.34837341308594,138.47213745117188,139.06442260742188,139.14869689941406,140.20635986328125,143.6782989501953,145.474609375,151.76290893554688,152.87490844726562,153.7215576171875,154.14276123046875,154.4847869873047,155.84768676757812,156.9921417236328,158.52468872070312,159.8585205078125,160.54208374023438,161.10400390625,161.2479705810547,163.99334716796875,165.70973205566406,
184,291,1,8.54417896270752,145.73834228515625,178.44869995117188,183.97206115722656,186.74493408203125,187.8640594482422,189.0120391845703,199.4174041748047,210.02735900878906,211.69602966308594,214.3251190185547,214.36160278320312,221.54470825195312,223.67604064941406,224.75991821289062,225.40200805664062,229.25567626953125,234.4701690673828,240.0706329345703,241.85166931152344,242.34011840820312,243.96737670898438,248.94955444335938,249.5185546875,249.84217834472656,252.31561279296875,252.98439025878906,254.70849609375,256.9115905761719,259.9383239746094,260.3224792480469,260.4394226074219,263.5204772949219,264.0503845214844,267.8031311035156,268.9934997558594,270.2682189941406,271.9961242675781,272.5070495605469,273.66259765625,273.8501281738281,274.9477844238281,275.3447570800781,277.19720458984375,281.1177062988281,281.8193359375,282.5649719238281,283.36053466796875,284.08734130859375,287.03857421875,
782,19,1,34.856040954589844,90.69805908203125,108.6902084350586,113.32820892333984,117.52862548828125,124.69693756103516,136.10092163085938,142.67733764648438,149.883056640625,149.95657348632812,156.6140594482422,160.70062255859375,161.51332092285156,161.96421813964844,162.84677124023438,165.68690490722656,166.90858459472656,167.11415100097656,168.1842041015625,169.69741821289062,170.02862548828125,170.92564392089844,178.23851013183594,179.77719116210938,180.93133544921875,181.4321746826172,181.4432373046875,181.64466857910156,181.8779296875,183.46669006347656,183.69358825683594,184.4254150390625,184.87188720703125,185.5679473876953,186.56553649902344,186.79306030273438,187.9840850830078,190.66131591796875,192.18496704101562,192.62698364257812,193.283203125,193.30271911621094,196.8900146484375,204.16549682617188,205.14547729492188,211.25791931152344,211.3186798095703,211.99440002441406,212.56268310546875,213.22230529785156,
686,196,1,3.604057788848877,117.51736450195312,183.2266082763672,188.37979125976562,204.364501953125,209.98251342773438,210.91104125976562,219.3219451904297,220.26748657226562,223.22747802734375,230.68609619140625,233.7068328857422,235.46340942382812,240.73828125,248.13339233398438,251.68690490722656,266.1936950683594,269.8423156738281,274.7059326171875,282.87799072265625,288.5740661621094,289.60369873046875,291.26934814453125,295.4434814453125,297.9053039550781,299.6596374511719,303.1093444824219,304.6934509277344,307.0791931152344,307.3795471191406,310.1378173828125,312.5857849121094,324.6293029785156,327.7185974121094,328.81793212890625,341.4302062988281,344.4007568359375,358.03515625,359.1119384765625,364.35589599609375,369.2724609375,369.4437561035156,372.99334716796875,373.0024719238281,377.1214904785156,378.51287841796875,379.41400146484375,380.2586975097656,381.1324462890625,383.7227478027344,
602,195,1,1.4046422243118286,32.293495178222656,52.64788818359375,119.46837615966797,121.63152313232422,158.65615844726562,158.79269409179688,160.2068634033203,162.4688720703125,176.62123107910156,187.71075439453125,196.31150817871094,198.2410125732422,202.73904418945312,203.96104431152344,215.15792846679688,221.46705627441406,225.45252990722656,226.97552490234375,228.6262969970703,229.47677612304688,230.3873291015625,230.4317169189453,237.4231414794922,239.55088806152344,240.71859741210938,241.1058349609375,241.16624450683594,242.1011199951172,243.4145965576172,250.8419647216797,253.18067932128906,255.1051483154297,255.167236328125,256.23602294921875,257.5528259277344,260.743896484375,262.6294860839844,263.08868408203125,265.21380615234375,271.61590576171875,277.3564147949219,277.89337158203125,284.41632080078125,287.294189453125,287.95123291015625,292.31072998046875,292.92291259765625,293.06024169921875,296.68133544921875,
1313,300,1,1.5341500043869019,78.02238464355469,84.72034454345703,103.27040100097656,161.57891845703125,182.68325805664062,200.25099182128906,213.32479858398438,213.66575622558594,218.54144287109375,221.8169403076172,246.36163330078125,280.001953125,288.1947021484375,289.85272216796875,306.0713195800781,313.31103515625,325.921875,326.7984924316406,326.8521728515625,331.829833984375,336.12298583984375,351.6784362792969,362.26446533203125,366.4873352050781,366.594970703125,368.0510559082031,368.359130859375,369.3816223144531,369.6483459472656,371.4202880859375,373.5530700683594,377.2187194824219,377.45440673828125,379.6387939453125,379.67181396484375,380.948486328125,381.0346374511719,383.7452392578125,385.0916748046875,386.23455810546875,396.00103759765625,396.2239685058594,396.7777099609375,398.6142272949219,400.9936828613281,404.46002197265625,404.4902648925781,405.9327697753906,406.3799743652344,
1351,299,1,4.183144569396973,93.08439636230469,142.91090393066406,157.66111755371094,181.03738403320312,195.4273681640625,198.91429138183594,198.9335174560547,209.57321166992188,217.3915557861328,233.93820190429688,244.2696075439453,244.82733154296875,253.61575317382812,263.5461730957031,267.0599670410156,270.62249755859375,273.77117919921875,273.79107666015625,281.3918151855469,287.4331359863281,292.8094787597656,304.0236511230469,308.9268493652344,310.5816955566406,315.4796142578125,315.6261901855469,328.9814453125,330.23797607421875,330.32012939453125,332.3797607421875,342.4954528808594,342.5831604003906,343.6163635253906,344.3940734863281,346.9709167480469,348.51885986328125,350.0970153808594,352.8938903808594,353.54852294921875,365.1336669921875,369.82452392578125,371.9370422363281,372.01446533203125,378.44439697265625,382.3661804199219,383.4299621582031,386.7227783203125,386.7701110839844,388.1166687011719,
996,249,1,2.850022315979004,26.004648208618164,65.8895492553711,81.41845703125,85.10447692871094,88.95791625976562,90.52228546142578,90.65380096435547,92.62760162353516,93.76531219482422,101.91349029541016,102.37979888916016,106.13043975830078,108.8370590209961,111.720947265625,113.73990631103516,113.96978759765625,115.03849792480469,115.36217498779297,118.19998931884766,121.57174682617188,127.34525299072266,127.61468505859375,128.44085693359375,128.60867309570312,131.2403564453125,133.62713623046875,135.86277770996094,141.2149200439453,141.98655700683594,142.95738220214844,143.40586853027344,144.30447387695312,145.1356964111328,145.7368927001953,145.83114624023438,153.49134826660156,153.89886474609375,154.352294921875,156.52870178222656,157.57861328125,159.73292541503906,161.5182647705078,164.68927001953125,166.359375,167.0812530517578,168.2576446533203,170.7714385986328,172.3133544921875,174.73751831054688,
1504,299,1,3.717092275619507,98.0852279663086,132.3513946533203,148.7243194580078,179.21139526367188,194.50408935546875,201.34765625,202.94203186035156,203.07061767578125,203.21604919433594,203.98019409179688,209.68255615234375,211.1704559326172,213.5924072265625,222.8365936279297,223.82760620117188,225.86532592773438,230.8404541015625,233.0787811279297,233.75599670410156,236.07980346679688,238.5743865966797,242.4188232421875,244.09190368652344,245.21026611328125,246.8804931640625,262.4921569824219,262.7769775390625,263.7702331542969,264.5788879394531,267.8832702636719,268.33612060546875,271.526123046875,272.289794921875,274.8226623535156,278.0247497558594,282.0832824707031,289.8520812988281,290.4002990722656,290.6231994628906,294.43389892578125,295.72686767578125,295.8674621582031,297.09368896484375,300.0942077636719,301.37261962890625,302.27276611328125,302.3756103515625,302.429931640625,303.60809326171875,
1627,292,1,1.5330122709274292,25.983278274536133,121.16084289550781,123.9005126953125,140.3114013671875,146.21144104003906,151.8485565185547,161.3179168701172,169.19332885742188,178.19625854492188,183.84500122070312,184.6638641357422,192.626220703125,194.0430145263672,196.25706481933594,197.68287658691406,198.9100341796875,203.79087829589844,204.20797729492188,204.6979217529297,205.43746948242188,211.22886657714844,212.12582397460938,219.4227752685547,219.4846649169922,220.30430603027344,221.95367431640625,225.56494140625,227.30345153808594,229.51431274414062,236.0126953125,236.2053680419922,236.6925506591797,237.51963806152344,238.1902313232422,241.55612182617188,242.20855712890625,244.19876098632812,244.98326110839844,245.0782470703125,245.70968627929688,255.83961486816406,256.9373474121094,258.6451110839844,258.7962341308594,260.0520324707031,261.0197448730469,262.48956298828125,262.74334716796875,263.1257019042969,
143,244,1,4.033906936645508,80.2763900756836,127.94336700439453,130.32025146484375,154.97572326660156,167.53053283691406,167.77874755859375,179.1018524169922,180.3460693359375,181.75146484375,186.44456481933594,187.70216369628906,193.3876495361328,199.7821502685547,201.32473754882812,206.4644317626953,206.9381561279297,214.3931121826172,214.68069458007812,214.78172302246094,218.51199340820312,219.73580932617188,221.6297149658203,223.94696044921875,226.06826782226562,226.873046875,227.62939453125,229.21217346191406,229.50282287597656,229.67755126953125,239.6444091796875,240.63653564453125,241.67628479003906,243.21246337890625,244.70338439941406,246.23388671875,246.8168487548828,247.37060546875,254.92056274414062,256.1999206542969,256.9392395019531,260.3699951171875,260.5521240234375,261.7966613769531,262.1127014160156,262.80816650390625,264.7126770019531,266.4403991699219,267.25091552734375,268.0672912597656,
663,209,1,2.313349962234497,37.146427154541016,68.56026458740234,91.17145538330078,96.75509643554688,100.77978515625,101.4990234375,105.24610137939453,105.4701919555664,107.05204772949219,111.1727294921875,117.89952850341797,119.42852020263672,125.3332748413086,126.43596649169922,126.54488372802734,127.1366195678711,130.3033447265625,130.33982849121094,130.41551208496094,132.65533447265625,134.70242309570312,137.42442321777344,137.64825439453125,138.54180908203125,138.64349365234375,139.0941619873047,139.8032989501953,140.75653076171875,141.76011657714844,142.1311798095703,142.35633850097656,142.86903381347656,143.97116088867188,144.2208251953125,144.9068603515625,147.34576416015625,147.8280792236328,147.91880798339844,148.09141540527344,148.16162109375,149.11793518066406,149.88710021972656,152.627685546875,152.79931640625,154.49365234375,155.06773376464844,155.8538818359375,156.08837890625,159.72438049316406,
737,196,1,7.086749076843262,83.3366470336914,96.6871566772461,101.38782501220703,103.17495727539062,108.61319732666016,112.5279541015625,118.0302505493164,118.90743255615234,120.81645202636719,124.4112548828125,126.48621368408203,126.83528137207031,137.26907348632812,138.00439453125,141.98757934570312,142.84320068359375,144.67588806152344,145.34317016601562,145.6077117919922,148.00909423828125,149.58924865722656,149.86773681640625,151.36178588867188,151.38763427734375,151.49789428710938,153.8871612548828,154.4048309326172,155.91018676757812,158.96139526367188,159.06732177734375,161.05067443847656,162.38604736328125,162.43319702148438,164.60650634765625,166.14004516601562,166.2248992919922,166.31825256347656,166.9971466064453,167.70091247558594,168.02969360351562,168.8424530029297,169.60011291503906,171.0146484375,171.15493774414062,171.97030639648438,172.53575134277344,175.92843627929688,177.8488006591797,177.90432739257812,
1725,303,1,1.9058784246444702,194.72865295410156,225.10205078125,278.8133544921875,313.8010559082031,317.24017333984375,336.7971496582031,342.01812744140625,343.0823669433594,343.7986755371094,353.3788146972656,355.61077880859375,377.5501403808594,390.62054443359375,396.3890075683594,406.00787353515625,410.5318603515625,411.584716796875,414.1231689453125,421.9540710449219,422.2872009277344,425.98828125,433.47515869140625,439.052734375,448.1702880859375,448.6865234375,450.2514953613281,450.62567138671875,452.1216125488281,456.55938720703125,456.8335266113281,460.825927734375,473.8517150878906,475.9421081542969,477.0923767089844,493.054443359375,494.1084289550781,497.9327392578125,501.88922119140625,508.3306579589844,509.3333435058594,510.509033203125,511.5847473144531,512.3954467773438,517.3582763671875,518.5504150390625,519.853759765625,520.2389526367188,521.4004516601562,522.748291015625,
1187,35,1,43.386810302734375,313.37823486328125,330.3228454589844,339.7967834472656,350.5943298339844,359.3706970214844,382.111572265625,394.1956787109375,395.8684387207031,400.0483093261719,407.4881896972656,408.2484436035156,412.5777282714844,413.6806335449219,414.8504333496094,415.6468200683594,423.6092529296875,428.74810791015625,430.24688720703125,437.2998352050781,455.8442687988281,460.4852600097656,461.438232421875,462.4801940917969,465.63568115234375,471.9411315917969,472.9587097167969,473.2348937988281,480.7239990234375,481.64794921875,482.555908203125,488.94342041015625,498.82366943359375,500.1329040527344,507.4292907714844,508.0265808105469,511.2412109375,519.2583618164062,521.132080078125,522.5015869140625,523.8335571289062,525.8049926757812,528.790283203125,528.822509765625,536.38916015625,536.6685791015625,536.7545776367188,538.6701049804688,541.8936767578125,542.2365112304688,
362,31,1,53.48417663574219,270.3783874511719,290.0662536621094,293.1875,318.9776916503906,328.7775573730469,328.9299011230469,331.15625,337.1874084472656,337.35540771484375,360.0799865722656,367.6061706542969,372.6526794433594,381.3677062988281,383.51300048828125,387.8202819824219,391.0823974609375,392.3290710449219,406.9222717285156,410.92926025390625,411.9952087402344,412.7967529296875,415.326904296875,417.5510559082031,421.5574951171875,424.31195068359375,428.720947265625,429.5939025878906,443.7960510253906,444.54730224609375,460.8211364746094,464.4275207519531,464.54974365234375,465.2628479003906,465.38092041015625,466.15777587890625,473.6671447753906,475.0011291503906,477.7210693359375,478.351318359375,478.6048889160156,479.4692687988281,483.6313781738281,485.76507568359375,487.0848083496094,490.2703857421875,490.51513671875,492.04815673828125,493.0001220703125,493.561767578125,
1293,290,1,3.546361207962036,104.76546478271484,119.95780181884766,122.76854705810547,250.60182189941406,252.2259979248047,286.50225830078125,286.5863342285156,292.4797058105469,298.6770324707031,318.0739440917969,325.85272216796875,333.0206604003906,339.4537353515625,350.4477844238281,369.9805908203125,383.2284240722656,387.3533935546875,396.59698486328125,400.5482177734375,400.66156005859375,402.34185791015625,411.2670593261719,417.1507568359375,425.31646728515625,428.6368103027344,432.36444091796875,433.94580078125,434.01171875,440.78448486328125,442.644775390625,446.6795349121094,456.49407958984375,460.42755126953125,460.4458312988281,460.71728515625,462.3297119140625,468.6976013183594,471.715087890625,474.26397705078125,480.55401611328125,482.9920654296875,486.80169677734375,493.39678955078125,495.9891052246094,505.52056884765625,510.1063232421875,510.71624755859375,511.6842956542969,525.2255859375,
1701,302,1,6.156456470489502,165.38966369628906,172.41029357910156,180.95286560058594,199.55136108398438,235.3733673095703,242.22926330566406,244.0919952392578,249.48646545410156,258.5035705566406,260.87750244140625,262.4088134765625,264.9309997558594,266.9922180175781,276.3203430175781,276.5517272949219,280.6697082519531,281.2164001464844,281.96173095703125,282.848876953125,288.1835021972656,289.6707763671875,289.854736328125,289.91229248046875,291.0016784667969,292.3495788574219,293.9182434082031,301.6031188964844,304.2830505371094,306.7401123046875,312.8585510253906,313.52178955078125,314.54248046875,316.10809326171875,317.22979736328125,317.9279479980469,320.3400573730469,322.33087158203125,322.9791564941406,323.05352783203125,323.5791320800781,325.0298156738281,325.5830078125,326.1098937988281,326.55450439453125,333.1646728515625,333.5140686035156,333.7124328613281,335.1313781738281,335.5356140136719,
1685,300,1,3.531376838684082,134.71426391601562,166.24879455566406,167.94456481933594,191.6759490966797,202.45864868164062,205.4962158203125,207.7377471923828,215.64547729492188,240.12631225585938,244.301513671875,246.5122833251953,247.76046752929688,249.54823303222656,250.67160034179688,255.92327880859375,259.45556640625,260.0758361816406,261.5503234863281,262.2236328125,263.7914123535156,264.0718994140625,264.2501220703125,264.9596252441406,269.3201904296875,270.2919006347656,270.77789306640625,273.00482177734375,274.0164794921875,274.4670715332031,277.5296325683594,280.0408935546875,281.86639404296875,281.9992980957031,282.5421142578125,284.58392333984375,286.30078125,286.6930236816406,289.17755126953125,292.6450500488281,293.896240234375,293.9679260253906,295.90997314453125,297.3031921386719,297.6700439453125,298.594482421875,300.4187316894531,305.1434020996094,305.66876220703125,306.14044189453125,
1080,314,1,1.4688010215759277,80.56734466552734,95.5862808227539,96.18045043945312,100.64936828613281,104.8298110961914,108.99483489990234,117.94573211669922,120.56512451171875,123.09246826171875,125.48832702636719,126.60690307617188,127.40975952148438,129.5281524658203,130.5819091796875,145.32708740234375,145.439697265625,146.45632934570312,147.80369567871094,149.95050048828125,150.6309051513672,151.27806091308594,151.33526611328125,152.08059692382812,153.3655548095703,156.04632568359375,156.40875244140625,156.91600036621094,158.44480895996094,159.14450073242188,160.93838500976562,161.49423217773438,169.52256774902344,170.532470703125,173.95957946777344,175.41140747070312,175.53628540039062,179.2593536376953,179.99746704101562,181.1187286376953,186.2748260498047,187.203369140625,187.72891235351562,191.0840301513672,192.13197326660156,192.6772003173828,192.8855438232422,195.78065490722656,195.8544158935547,196.1224365234375,
1151,261,1,2.810664415359497,77.47341918945312,149.39756774902344,151.39585876464844,153.8316650390625,155.36431884765625,156.13876342773438,168.6297149658203,173.24453735351562,182.14178466796875,189.884033203125,194.55999755859375,195.9663848876953,196.64854431152344,196.95709228515625,196.97837829589844,198.49851989746094,200.07162475585938,202.13320922851562,208.32159423828125,209.03663635253906,212.048828125,216.29727172851562,217.67568969726562,219.8675994873047,219.9129180908203,227.18336486816406,228.5404510498047,229.08705139160156,229.783935546875,237.7266387939453,238.141845703125,239.25723266601562,242.7350311279297,244.87222290039062,247.93797302246094,248.82589721679688,252.23574829101562,252.56761169433594,254.84384155273438,255.28919982910156,256.5467834472656,259.5118408203125,261.1690979003906,261.7503356933594,262.95758056640625,264.8713684082031,267.3606262207031,267.61968994140625,268.8960876464844,
473,196,1,2.4834702014923096,77.33135986328125,79.3193130493164,94.83810424804688,113.45915222167969,118.83280181884766,123.24644470214844,128.26492309570312,132.48228454589844,133.33624267578125,133.40081787109375,138.22152709960938,138.4951629638672,138.7635040283203,142.68019104003906,142.75418090820312,144.7605438232422,145.54615783691406,146.6040802001953,148.60768127441406,152.0087432861328,152.919921875,155.89617919921875,159.92039489746094,160.62570190429688,160.84156799316406,161.6892852783203,163.093505859375,164.89064025878906,164.9300994873047,167.9423065185547,168.52479553222656,168.9306182861328,171.1741943359375,173.16122436523438,173.97511291503906,174.26039123535156,175.08094787597656,175.7692108154297,175.77037048339844,177.4027099609375,177.4202423095703,178.16075134277344,183.7593994140625,185.10128784179688,186.2321319580078,187.40867614746094,187.5312957763672,187.73484802246094,187.845458984375,
1563,275,1,3.1821703910827637,48.56206130981445,87.30554962158203,97.0572738647461,112.42192077636719,113.28659057617188,120.97493743896484,128.6626434326172,134.13673400878906,138.2819366455078,144.8726043701172,163.22991943359375,168.35064697265625,174.19259643554688,188.04196166992188,189.69908142089844,194.63795471191406,205.55079650878906,207.3658447265625,208.67356872558594,221.54544067382812,225.70327758789062,232.37416076660156,232.52174377441406,235.68824768066406,237.57614135742188,237.7563018798828,240.53074645996094,241.46896362304688,242.16192626953125,242.85519409179688,249.87997436523438,250.00418090820312,250.12991333007812,251.3695526123047,253.14230346679688,253.97996520996094,254.59779357910156,254.96499633789062,256.7467041015625,257.1319885253906,258.02166748046875,260.4830017089844,262.38153076171875,262.7798156738281,263.3040771484375,270.4547119140625,271.5644226074219,271.9447937011719,272.1655578613281,
547,268,1,5.395318031311035,150.64035034179688,161.6642608642578,182.7139892578125,189.802001953125,198.4407501220703,203.03390502929688,212.3408660888672,215.43435668945312,217.26376342773438,218.70298767089844,219.49267578125,223.0164031982422,232.28604125976562,233.23928833007812,236.66604614257812,241.79335021972656,242.3939666748047,245.08787536621094,247.64454650878906,251.3837432861328,251.64459228515625,254.3982696533203,256.5019226074219,257.3714904785156,258.5386657714844,258.8758850097656,259.462646484375,259.69012451171875,260.223388671875,264.101806640625,265.3447570800781,268.55865478515625,273.8874206542969,278.8565368652344,279.4530029296875,279.6014709472656,281.2040710449219,284.1095886230469,284.66571044921875,285.1654968261719,285.8762512207031,286.14495849609375,286.81280517578125,288.3114929199219,290.149169921875,291.06243896484375,293.7899475097656,295.5135803222656,296.58502197265625,
1454,286,1,3.5579276084899902,60.34152603149414,71.05890655517578,230.1295928955078,275.9856262207031,318.1298828125,329.2225341796875,350.520263671875,367.56494140625,377.016845703125,378.2242126464844,378.49822998046875,380.6734313964844,402.59844970703125,406.1897888183594,407.1369323730469,415.28265380859375,417.70343017578125,420.1083984375,420.930908203125,421.420654296875,428.2548522949219,431.2992858886719,433.4850158691406,433.8037109375,439.6548156738281,443.0500183105469,443.6380310058594,449.802001953125,453.25823974609375,453.5356140136719,455.52655029296875,460.4075012207031,462.61053466796875,463.0163269042969,465.9342956542969,466.1620788574219,466.64129638671875,467.0093994140625,467.0320739746094,468.6036376953125,471.78033447265625,473.1361999511719,475.3974304199219,476.1065368652344,476.6971130371094,481.3678894042969,482.7153625488281,483.3895568847656,486.091796875,
765,190,1,2.535926342010498,228.27774047851562,240.1072998046875,247.23727416992188,251.05552673339844,261.3866882324219,272.8293762207031,307.1081237792969,313.89776611328125,346.3186340332031,353.6830139160156,361.65887451171875,370.73516845703125,385.42218017578125,399.6778259277344,402.84857177734375,404.421630859375,411.0787658691406,413.9112243652344,426.80133056640625,428.91168212890625,435.61944580078125,442.99810791015625,447.7104797363281,452.96923828125,453.4236755371094,458.5903625488281,464.7596130371094,465.9478759765625,465.9869689941406,466.1029052734375,472.0041198730469,472.02215576171875,472.8757019042969,473.2523498535156,479.67852783203125,480.1985778808594,487.6500549316406,488.9197082519531,489.9484558105469,491.5028076171875,495.7990417480469,497.7908020019531,508.5208740234375,510.6881408691406,511.30859375,511.3458557128906,513.2744140625,519.4515991210938,526.9044189453125,
1579,291,1,3.4923999309539795,98.7207260131836,100.11707305908203,105.09815216064453,114.8435287475586,120.03215789794922,125.81053161621094,131.8778839111328,146.78216552734375,148.19650268554688,149.14845275878906,158.70045471191406,161.36862182617188,164.56289672851562,166.5648651123047,168.27281188964844,169.64102172851562,171.743408203125,174.9240264892578,177.79786682128906,178.822021484375,181.9336395263672,183.7346649169922,188.33641052246094,191.19642639160156,194.11610412597656,196.84022521972656,198.68629455566406,200.90817260742188,201.5127716064453,204.06658935546875,205.01930236816406,205.06837463378906,206.14608764648438,206.74526977539062,206.9394989013672,208.63629150390625,208.9038543701172,212.4419403076172,216.52420043945312,217.08316040039062,217.9781951904297,218.55853271484375,221.76280212402344,223.1096649169922,223.72454833984375,224.2677459716797,225.6400909423828,226.9613494873047,228.77903747558594,
1148,305,1,2.137232780456543,107.79438018798828,112.46492767333984,113.9833984375,117.2794189453125,127.34366607666016,132.59539794921875,135.81985473632812,140.42503356933594,140.71853637695312,142.3369598388672,145.50865173339844,149.78077697753906,149.81613159179688,150.5492401123047,155.33409118652344,156.99330139160156,159.02044677734375,165.47958374023438,167.046630859375,168.53945922851562,169.0011444091797,169.9990997314453,171.3914794921875,173.1847686767578,173.5394287109375,173.9398956298828,174.9754180908203,175.8726043701172,176.35009765625,177.79415893554688,178.04566955566406,178.89341735839844,184.71841430664062,187.3008575439453,191.38674926757812,192.8440399169922,192.9076690673828,194.5789794921875,195.09193420410156,195.9296875,199.68017578125,203.82821655273438,205.72918701171875,208.14935302734375,208.7724609375,208.87127685546875,209.04177856445312,209.40576171875,213.4319610595703,
1375,294,1,1.2725733518600464,33.6132698059082,86.77384948730469,115.93974304199219,128.60446166992188,138.1595916748047,151.3483428955078,155.34542846679688,156.2064666748047,159.23300170898438,161.064697265625,163.66647338867188,185.5850372314453,192.0303497314453,195.4932861328125,203.9740753173828,204.55792236328125,211.45262145996094,216.380615234375,217.3198699951172,219.4303436279297,222.81588745117188,225.78807067871094,226.98634338378906,228.49620056152344,230.66714477539062,233.13302612304688,236.37246704101562,238.8653106689453,239.1337890625,240.18963623046875,240.7859649658203,241.39849853515625,243.35708618164062,244.57872009277344,253.9731903076172,254.1339874267578,255.97003173828125,258.8547058105469,259.2060546875,259.4981689453125,259.6597900390625,260.1387939453125,260.8114013671875,261.81915283203125,264.9990539550781,265.9064636230469,266.2826843261719,267.36541748046875,270.4954528808594,
1303,295,1,2.9783973693847656,108.34368896484375,191.4798583984375,197.7848358154297,233.5823516845703,241.47727966308594,254.52066040039062,266.5260314941406,284.83074951171875,292.42742919921875,296.88641357421875,308.9000549316406,310.0064392089844,330.0056457519531,334.2879638671875,345.6513671875,388.832763671875,391.0031433105469,396.486572265625,411.752197265625,424.1980285644531,427.78936767578125,446.91070556640625,448.9243469238281,455.9256896972656,458.9536437988281,461.213134765625,462.18341064453125,465.2511291503906,479.43768310546875,479.4517517089844,488.9499206542969,490.6828918457031,495.3138427734375,496.49951171875,497.9730529785156,501.181640625,502.16168212890625,508.7925109863281,509.9237060546875,510.3944396972656,513.7500610351562,517.308837890625,519.8792114257812,523.5673828125,536.3809204101562,537.3261108398438,544.0242919921875,544.4700927734375,549.4512329101562,
839,19,1,36.824859619140625,205.54856872558594,238.35678100585938,242.61170959472656,245.206298828125,248.9519500732422,257.3066711425781,261.7790222167969,273.6313171386719,283.8130187988281,289.4378967285156,294.98065185546875,301.4902038574219,302.0717468261719,303.86602783203125,304.22613525390625,305.56951904296875,307.5826721191406,312.6587219238281,313.82330322265625,314.3603210449219,321.2832336425781,324.86614990234375,326.35491943359375,327.9494323730469,332.5943603515625,342.2443542480469,342.41815185546875,342.4456481933594,342.9747314453125,345.12408447265625,348.4071044921875,348.98779296875,349.8424072265625,351.26092529296875,351.5113525390625,355.3919982910156,355.6695251464844,356.1622619628906,356.2203369140625,356.7571105957031,358.8912048339844,360.1659851074219,362.510009765625,365.0089416503906,366.50244140625,366.83416748046875,366.9536437988281,368.4161071777344,369.5503234863281,
356,31,1,30.300325393676758,181.5467529296875,227.11346435546875,244.81118774414062,285.5923156738281,296.71380615234375,307.16827392578125,308.6066589355469,332.6946716308594,334.2989501953125,359.6057434082031,368.80535888671875,370.05126953125,372.4372863769531,372.9307861328125,382.8271484375,388.89569091796875,389.39520263671875,393.8439636230469,400.35308837890625,400.7461853027344,405.21002197265625,412.6361999511719,423.0708312988281,425.7086181640625,425.94781494140625,426.4898376464844,427.3173522949219,427.6568603515625,427.98883056640625,428.5829162597656,430.72125244140625,432.4609680175781,440.0226745605469,443.12823486328125,444.359619140625,445.61602783203125,448.7738952636719,449.3249816894531,450.0181579589844,450.35406494140625,454.58233642578125,455.5036926269531,457.71282958984375,457.9623718261719,459.0254211425781,459.6929016113281,463.16168212890625,466.7940979003906,469.6206970214844,
1355,299,1,3.3863892555236816,94.59693145751953,143.855224609375,194.04818725585938,227.88894653320312,231.7467803955078,279.1580810546875,282.3584289550781,288.3973083496094,290.6140441894531,291.76129150390625,304.5306091308594,304.67926025390625,307.3409729003906,311.79156494140625,313.5901794433594,315.5660095214844,316.8606872558594,328.5186462402344,328.9850158691406,329.9066162109375,330.9669189453125,334.59100341796875,338.53851318359375,348.8911437988281,349.3006286621094,356.2539367675781,357.37628173828125,367.02752685546875,377.37188720703125,379.7702941894531,379.9078063964844,387.6374206542969,392.3961486816406,393.40447998046875,399.98870849609375,405.20635986328125,405.4540710449219,412.3407897949219,416.9471435546875,418.56317138671875,424.0218200683594,426.4984130859375,427.3700866699219,427.49713134765625,428.6493225097656,438.2218322753906,442.07318115234375,443.80108642578125,444.67974853515625,
371,31,1,30.113473892211914,160.77113342285156,241.33123779296875,259.11761474609375,279.59625244140625,283.66143798828125,299.1582946777344,302.56182861328125,303.6497802734375,307.15252685546875,308.55548095703125,311.8014831542969,314.4240417480469,316.3749694824219,322.1763000488281,324.8459167480469,332.0746765136719,332.5226135253906,332.66705322265625,339.85418701171875,341.2835998535156,341.5360107421875,347.37799072265625,350.0503845214844,351.631591796875,355.0484924316406,355.9309387207031,356.03155517578125,358.9542236328125,359.2247619628906,360.65740966796875,366.3316955566406,368.3837890625,368.4414367675781,370.4350280761719,371.9398498535156,372.7508850097656,378.2662353515625,383.2145690917969,384.03704833984375,384.3623962402344,386.4237365722656,387.4478759765625,388.02764892578125,388.44512939453125,389.34100341796875,391.98992919921875,392.50140380859375,398.0077209472656,398.6195068359375,
995,250,1,1.9434490203857422,87.5002212524414,100.73267364501953,105.00691986083984,105.82792663574219,118.15788269042969,118.46980285644531,119.25767517089844,122.63904571533203,123.93309783935547,128.95382690429688,129.8052978515625,133.8726043701172,134.08120727539062,137.39219665527344,141.34036254882812,141.86325073242188,145.23684692382812,145.35293579101562,146.95416259765625,153.67437744140625,155.6313934326172,156.16213989257812,157.6122589111328,160.69302368164062,162.34591674804688,163.0378875732422,163.94549560546875,163.984130859375,164.10617065429688,164.29840087890625,168.6580352783203,170.7452392578125,172.07525634765625,172.10704040527344,173.19503784179688,174.7182159423828,174.80833435058594,177.44305419921875,179.33712768554688,183.44529724121094,183.50787353515625,184.4963836669922,186.24951171875,186.85643005371094,188.4879913330078,190.7579803466797,191.57398986816406,191.90399169921875,192.65939331054688,
642,211,1,3.901486396789551,78.55681610107422,144.8590087890625,174.27699279785156,182.135009765625,206.366943359375,208.14166259765625,209.06712341308594,239.0782928466797,247.51947021484375,252.49879455566406,264.2802734375,266.2724304199219,272.3151550292969,272.83428955078125,276.3790283203125,281.69866943359375,286.22406005859375,288.2898864746094,296.27154541015625,299.0909423828125,302.32452392578125,309.3275451660156,317.97442626953125,320.4281311035156,321.2988586425781,322.0845947265625,322.200927734375,334.2693176269531,340.6624755859375,341.6029968261719,344.7874755859375,346.584228515625,347.76519775390625,348.5702819824219,352.38824462890625,352.9665222167969,364.13592529296875,365.8250427246094,366.9071350097656,371.0716247558594,371.83612060546875,372.30926513671875,372.9269714355469,373.8136291503906,376.4940490722656,376.5418701171875,376.61572265625,376.6708984375,377.228271484375,
682,223,1,7.398212432861328,235.32330322265625,270.00579833984375,305.52587890625,312.9063720703125,314.9293212890625,315.4482421875,318.6887512207031,318.73773193359375,325.7925720214844,343.44952392578125,351.9757385253906,355.2411193847656,361.3947448730469,368.2290954589844,370.5857238769531,376.37646484375,384.41851806640625,384.715576171875,388.16766357421875,389.7078857421875,394.2932434082031,395.03387451171875,395.53192138671875,396.07135009765625,398.4669189453125,399.575927734375,405.8894958496094,406.70867919921875,407.58740234375,412.36077880859375,420.189208984375,421.076416015625,429.5758056640625,431.1607971191406,431.5307922363281,431.66925048828125,432.3262023925781,433.94366455078125,434.2957458496094,435.9235534667969,436.2035827636719,440.06451416015625,444.00079345703125,445.196533203125,446.6757507324219,449.44091796875,450.19586181640625,450.2847900390625,451.32415771484375,
1695,278,1,2.317255735397339,192.25291442871094,198.75112915039062,225.11245727539062,226.1077423095703,263.99530029296875,281.563720703125,287.1468505859375,292.484130859375,299.32061767578125,306.8473815917969,309.2742919921875,309.7806091308594,310.66632080078125,311.65478515625,312.05682373046875,314.138916015625,316.7615661621094,319.6769714355469,319.8904113769531,320.3730163574219,321.2090759277344,321.4760437011719,323.52984619140625,323.6581726074219,325.2522277832031,327.3223571777344,327.7938537597656,329.91094970703125,334.21539306640625,337.4977722167969,337.5584411621094,342.3634033203125,343.4464416503906,343.5795593261719,346.63580322265625,348.129150390625,348.44598388671875,349.1737365722656,351.5369567871094,352.9799499511719,353.5611267089844,354.3203430175781,356.61077880859375,358.0756530761719,358.4158630371094,358.6433410644531,359.07733154296875,359.0877990722656,359.6012878417969,
1633,298,1,10.034638404846191,178.24395751953125,182.9663543701172,209.6085662841797,210.49282836914062,224.6776123046875,232.76657104492188,242.9079132080078,249.4896697998047,255.39317321777344,259.21966552734375,260.1757507324219,267.39227294921875,271.4998474121094,273.7144775390625,274.97552490234375,276.6741027832031,277.58807373046875,282.9011535644531,289.8354797363281,291.3022766113281,292.5341491699219,293.5349426269531,297.1984558105469,297.49713134765625,299.670654296875,303.044189453125,304.5771179199219,304.9700012207031,306.27099609375,306.29730224609375,312.154296875,312.5765380859375,314.2317810058594,320.04705810546875,321.38067626953125,323.4643249511719,327.01531982421875,327.4430847167969,330.8750305175781,331.6436767578125,334.3536682128906,334.6769714355469,336.3454284667969,337.7742004394531,338.1664123535156,342.47900390625,343.4514465332031,345.5718078613281,346.6764831542969,
502,260,1,2.9212188720703125,189.3972930908203,284.0554504394531,300.2190246582031,304.4184875488281,334.8147888183594,377.5315856933594,404.5289001464844,407.681884765625,410.3431396484375,412.07598876953125,418.7050476074219,424.89923095703125,428.89678955078125,433.1030578613281,444.2644348144531,452.6510314941406,469.95379638671875,471.474853515625,472.2603454589844,473.9033203125,476.59552001953125,480.0295715332031,482.7969665527344,486.2015075683594,487.1202087402344,489.8940734863281,497.6875,501.0093688964844,510.3487548828125,518.0179443359375,518.543212890625,521.0345458984375,525.0234985351562,526.8214721679688,531.1375122070312,536.2025146484375,538.2357788085938,538.299560546875,544.1736450195312,545.9339599609375,547.1256103515625,550.037841796875,552.4179077148438,554.9010620117188,556.0116577148438,557.9469604492188,560.2971801757812,562.8634033203125,566.4053955078125,
978,243,1,2.1922998428344727,87.73818969726562,105.86786651611328,116.60133361816406,118.95315551757812,129.91705322265625,143.73233032226562,144.47496032714844,145.83978271484375,155.76702880859375,168.36907958984375,171.1471710205078,171.92465209960938,173.1938018798828,177.0731201171875,177.8548126220703,179.030029296875,180.4441375732422,181.4982147216797,181.85244750976562,183.32113647460938,185.61940002441406,185.8382110595703,186.1739044189453,187.05186462402344,191.3753204345703,191.90435791015625,193.76248168945312,194.7446746826172,196.0666961669922,197.03955078125,204.13787841796875,205.38937377929688,206.84503173828125,209.7584686279297,211.47238159179688,212.5429229736328,212.86459350585938,212.99069213867188,213.22308349609375,216.12034606933594,217.72567749023438,220.07763671875,221.2182159423828,221.88124084472656,221.987060546875,224.6067352294922,226.09744262695312,227.77479553222656,227.96066284179688,
1311,292,1,4.269900798797607,151.2134552001953,199.9941864013672,237.6818389892578,246.9272918701172,277.30389404296875,287.0934143066406,290.6864013671875,301.0567321777344,301.9566650390625,302.4581298828125,305.9512939453125,319.76690673828125,331.0791931152344,331.81353759765625,337.3376159667969,340.54931640625,340.737060546875,345.1955261230469,346.1026306152344,346.4380798339844,357.0542907714844,359.47149658203125,361.3318786621094,362.01593017578125,362.8918151855469,364.7954406738281,371.14111328125,372.4787902832031,373.78533935546875,376.3477478027344,378.20684814453125,394.1593017578125,395.70123291015625,397.18798828125,398.3509521484375,400.0103759765625,402.6335144042969,403.85498046875,406.0333251953125,407.528564453125,417.9263000488281,423.5814514160156,428.4215393066406,429.5596923828125,432.97894287109375,435.1756286621094,437.4231262207031,438.7253112792969,439.47314453125,
551,266,1,2.8027586936950684,97.47538757324219,104.96870422363281,107.16238403320312,108.48344421386719,116.22013092041016,124.32669067382812,126.13450622558594,128.19973754882812,135.1399383544922,137.3478240966797,143.7325439453125,145.2589111328125,145.76937866210938,148.02342224121094,149.9949951171875,151.68496704101562,157.80517578125,163.01451110839844,165.91717529296875,167.9095458984375,171.455078125,174.86451721191406,176.1053009033203,178.27903747558594,178.82403564453125,184.16009521484375,186.02243041992188,187.2628631591797,188.05316162109375,189.72708129882812,194.48281860351562,194.5962677001953,195.7494659423828,198.88287353515625,200.0971221923828,200.5130157470703,203.02886962890625,203.69175720214844,204.60177612304688,208.5136260986328,209.92453002929688,210.46876525878906,210.8660888671875,212.45921325683594,212.87625122070312,213.80645751953125,213.90701293945312,214.0867919921875,220.63851928710938,
137,220,1,4.6382036209106445,187.17921447753906,189.06979370117188,196.3365936279297,201.9470672607422,211.3460693359375,215.0939178466797,215.20921325683594,221.02024841308594,222.90794372558594,223.315673828125,226.8740997314453,233.48085021972656,235.5629119873047,244.5844268798828,245.7914581298828,246.20785522460938,246.4142303466797,248.66104125976562,250.78277587890625,251.52188110351562,251.60855102539062,253.40789794921875,254.2012176513672,258.1206359863281,259.8963928222656,260.18658447265625,262.8863525390625,263.3077697753906,264.79443359375,265.7181396484375,265.96734619140625,269.65997314453125,272.4424133300781,273.20220947265625,274.2072448730469,276.5502014160156,277.3319396972656,280.71942138671875,280.7656555175781,281.33978271484375,282.577880859375,283.9380187988281,284.3437194824219,285.2229919433594,285.23248291015625,286.37921142578125,288.0830383300781,289.3561096191406,290.282958984375,
724,192,1,5.2775068283081055,297.1784973144531,301.46917724609375,354.9671325683594,440.0251770019531,460.8326110839844,480.9105224609375,481.9366760253906,507.9730529785156,508.2814025878906,509.5738525390625,516.3076171875,517.9815673828125,527.8648071289062,529.5317993164062,530.824462890625,532.910400390625,540.7650756835938,548.3334350585938,552.5718383789062,552.9402465820312,554.6309204101562,567.4674072265625,576.6119995117188,578.6743774414062,580.6405639648438,580.6932373046875,590.5117797851562,591.30859375,591.7310791015625,595.8204345703125,598.5411987304688,599.921630859375,603.1136474609375,603.8204345703125,605.1280517578125,608.3273315429688,612.673828125,620.7661743164062,626.8009033203125,626.8643188476562,628.2682495117188,628.8321533203125,632.290771484375,635.1408081054688,635.7096557617188,636.57373046875,637.4033203125,637.4808959960938,639.536865234375,
1449,286,1,2.285640001296997,96.84642791748047,175.57986450195312,211.71612548828125,218.54107666015625,241.58473205566406,245.1943359375,247.45936584472656,256.2519226074219,268.305419921875,270.0657043457031,271.82940673828125,281.3248596191406,283.5769348144531,290.4516296386719,297.2959289550781,300.0352478027344,312.1946105957031,313.2444763183594,314.5280456542969,319.31591796875,320.91571044921875,323.4176025390625,325.8109436035156,329.6675109863281,330.13507080078125,331.1961364746094,336.37152099609375,341.339111328125,346.8282775878906,347.161376953125,347.2182312011719,348.7920227050781,350.1468505859375,350.3255310058594,350.9473876953125,351.466552734375,361.6195983886719,364.9002380371094,364.9519348144531,366.2116394042969,366.603515625,369.179931640625,372.27655029296875,372.87030029296875,375.1056213378906,380.56689453125,381.80279541015625,382.1338806152344,386.3829040527344,
509,279,1,22.50067901611328,265.0253601074219,292.2405700683594,299.44329833984375,305.78485107421875,351.490966796875,352.7141418457031,353.5263671875,357.486083984375,370.7330322265625,371.12799072265625,372.08013916015625,374.2056579589844,379.0750732421875,382.62518310546875,387.17047119140625,392.85150146484375,393.6614990234375,401.8835754394531,403.4942932128906,404.08746337890625,406.1866149902344,410.9205017089844,414.9646301269531,415.1488952636719,418.84100341796875,421.1145935058594,421.6752014160156,422.5050048828125,422.92803955078125,427.3376770019531,428.0507507324219,431.00067138671875,441.89776611328125,443.29931640625,445.6212463378906,448.2491149902344,449.21307373046875,453.45233154296875,453.949462890625,458.4621276855469,458.8943786621094,459.1874694824219,464.9443664550781,467.49554443359375,469.8699645996094,471.92950439453125,475.9547424316406,482.1492004394531,486.27996826171875,
1717,295,1,3.9556984901428223,457.3173828125,496.8310852050781,506.50860595703125,544.2827758789062,547.2713012695312,581.2427368164062,581.39306640625,581.548828125,595.5487670898438,601.90283203125,606.8556518554688,609.6171264648438,625.7940063476562,626.1679077148438,629.9193725585938,632.03955078125,641.832763671875,652.0338134765625,653.0171508789062,653.9537963867188,656.0481567382812,656.3519287109375,656.3630981445312,659.0067138671875,662.9669799804688,665.7860717773438,683.181640625,684.7597045898438,689.826904296875,695.409423828125,695.9342041015625,696.9385986328125,697.1900024414062,698.9115600585938,702.1869506835938,702.3172607421875,714.5990600585938,717.1425170898438,724.0538940429688,724.3570556640625,727.0537719726562,727.2265014648438,727.2479858398438,729.5611572265625,730.4474487304688,730.635009765625,733.66162109375,736.3216552734375,739.0960083007812,
508,283,1,5.054043769836426,222.41387939453125,253.4020538330078,270.8359680175781,271.21575927734375,283.5304870605469,284.39007568359375,285.7998046875,289.06182861328125,290.1484375,302.2144470214844,306.8366394042969,310.9177551269531,311.4901123046875,312.03466796875,315.1556091308594,316.0343017578125,316.5599365234375,317.0391540527344,322.1486511230469,323.3701171875,326.30621337890625,326.42401123046875,328.7827453613281,331.4752197265625,332.1295471191406,339.4398498535156,340.712646484375,342.08551025390625,344.28399658203125,348.16644287109375,349.5018615722656,349.5350341796875,351.9568786621094,354.8067321777344,355.6851806640625,356.4158630371094,357.97003173828125,359.2232360839844,359.9934387207031,364.1766357421875,364.2308044433594,364.94744873046875,365.572998046875,366.2220153808594,367.5780944824219,367.8795166015625,368.1910095214844,369.71624755859375,370.4441223144531,
1030,253,1,4.585542678833008,34.59852981567383,35.161720275878906,42.0416145324707,42.98192596435547,45.541141510009766,55.34782028198242,56.39760971069336,62.004364013671875,70.97325134277344,81.1192855834961,83.05216979980469,87.16792297363281,93.21480560302734,97.30033111572266,102.45316314697266,102.57378387451172,103.81304931640625,104.15951538085938,112.43924713134766,116.91417694091797,118.44020080566406,118.66373443603516,123.1397933959961,126.20519256591797,126.70379638671875,128.19471740722656,129.4741668701172,136.24925231933594,137.34963989257812,138.33828735351562,142.22561645507812,142.78846740722656,143.56597900390625,144.8238067626953,144.91796875,145.78985595703125,146.7872314453125,147.45323181152344,148.0030517578125,148.8353271484375,150.64759826660156,151.35362243652344,152.23959350585938,153.4888458251953,155.31036376953125,157.34156799316406,157.59291076660156,159.08859252929688,159.39556884765625,
117,163,1,1.0929306745529175,44.86560821533203,69.90056610107422,80.03605651855469,97.70982360839844,97.9856185913086,98.02086639404297,100.85676574707031,108.69231414794922,111.00977325439453,121.21576690673828,121.2950668334961,132.39547729492188,141.5836944580078,144.43130493164062,150.1787567138672,150.26766967773438,157.06190490722656,159.129150390625,161.3884735107422,166.28883361816406,168.2719268798828,173.91099548339844,176.33619689941406,177.5829620361328,181.00042724609375,181.09825134277344,185.84576416015625,187.00148010253906,191.9850311279297,192.05398559570312,192.800048828125,193.35049438476562,195.98416137695312,201.7721710205078,210.4855194091797,215.51773071289062,219.29368591308594,225.7963409423828,226.15087890625,226.86265563964844,227.3907012939453,230.7897491455078,232.07334899902344,232.9743194580078,233.0782928466797,235.9209747314453,236.3262481689453,237.7968292236328,238.31201171875,
132,11,1,1.1178947687149048,3.6010241508483887,5.630126953125,17.21807098388672,27.90017318725586,38.214820861816406,58.589622497558594,114.3692855834961,201.47637939453125,208.3930206298828,258.38604736328125,278.5783386230469,288.0248107910156,295.39349365234375,308.5567932128906,309.86614990234375,310.90350341796875,314.6595153808594,319.6224365234375,320.4736328125,321.2737121582031,329.8255615234375,336.6095275878906,345.3263244628906,346.608154296875,346.7386474609375,348.08251953125,350.4635314941406,363.29168701171875,363.6490173339844,369.8617858886719,374.4073486328125,379.8626708984375,384.54522705078125,389.55352783203125,391.1036376953125,393.13922119140625,393.8529968261719,401.4998779296875,409.3326110839844,410.8399963378906,417.3522644042969,417.4046936035156,420.1829528808594,424.98345947265625,425.2562255859375,425.9348449707031,426.1262512207031,429.27337646484375,429.4072265625,
1117,270,1,1.8471636772155762,57.19070053100586,69.49512481689453,71.02386474609375,72.8528823852539,75.00523376464844,85.89069366455078,90.77301025390625,98.0918960571289,103.32470703125,105.53654479980469,106.72410583496094,112.47053527832031,112.6338119506836,116.4725570678711,117.84693145751953,118.04309844970703,119.7681655883789,119.80303192138672,120.35181427001953,120.65925598144531,122.43805694580078,127.1196517944336,129.70956420898438,133.3583526611328,134.54104614257812,138.17120361328125,139.86566162109375,148.56451416015625,150.76687622070312,151.80255126953125,152.73985290527344,153.0710906982422,153.81814575195312,157.58230590820312,159.4978485107422,166.14614868164062,167.89437866210938,170.09361267089844,172.4569549560547,173.85205078125,174.1459197998047,176.29629516601562,177.0734405517578,177.80374145507812,180.60317993164062,181.51480102539062,182.1482696533203,183.3628387451172,185.15492248535156,
985,244,1,4.745546340942383,184.3060302734375,219.77076721191406,237.1927947998047,239.10523986816406,251.42214965820312,253.15335083007812,255.48316955566406,278.9004821777344,279.86651611328125,281.9394836425781,283.3504333496094,283.9493408203125,285.89862060546875,286.35980224609375,305.8030090332031,309.6051940917969,310.8515930175781,310.9491882324219,312.97576904296875,314.8294677734375,315.4122009277344,315.4748229980469,317.3677978515625,317.500732421875,319.32147216796875,324.7936706542969,327.75604248046875,328.7095031738281,330.8179626464844,335.36669921875,339.4468078613281,339.46453857421875,342.4006652832031,343.01275634765625,346.3851318359375,346.5528259277344,349.6069030761719,349.7435302734375,350.1270446777344,350.9433288574219,351.99151611328125,353.7277526855469,354.6607666015625,355.6651611328125,355.9129638671875,358.1128845214844,358.4021301269531,362.3536376953125,362.45611572265625,
1437,296,1,2.175224781036377,138.916259765625,145.3073272705078,170.3522186279297,178.45733642578125,193.62156677246094,208.73825073242188,209.40719604492188,211.14698791503906,241.06939697265625,301.309326171875,339.5828552246094,353.9327392578125,356.40380859375,357.27264404296875,367.03765869140625,383.5836181640625,385.0198669433594,385.2714538574219,388.6739196777344,395.41522216796875,399.62457275390625,407.9054870605469,414.4925537109375,415.35040283203125,429.2751770019531,429.7392272949219,433.3634033203125,433.70477294921875,435.905517578125,436.831298828125,445.48858642578125,449.1413879394531,450.60455322265625,451.352783203125,452.5324401855469,455.0760192871094,455.54388427734375,456.64093017578125,457.8605651855469,459.0890808105469,464.9877014160156,466.9418640136719,467.0643005371094,469.4098205566406,469.5724182128906,472.8868713378906,476.85223388671875,479.7002258300781,480.0920715332031,
104,203,1,1.1468695402145386,33.962284088134766,35.9656867980957,37.46955490112305,53.18337631225586,64.32079315185547,87.63842010498047,149.5934600830078,197.93240356445312,199.6036834716797,232.52249145507812,260.6994323730469,288.2893981933594,297.1947937011719,322.86962890625,334.7713928222656,336.62908935546875,343.0985412597656,343.3211669921875,345.4210510253906,349.6294860839844,350.26800537109375,350.5843505859375,357.73907470703125,359.3145751953125,359.69171142578125,361.50360107421875,363.0369567871094,368.80401611328125,371.770751953125,373.32537841796875,379.7918395996094,380.56158447265625,384.8043212890625,386.4639892578125,396.1512145996094,399.7257385253906,407.26373291015625,409.22760009765625,413.4159240722656,416.0968017578125,420.0287780761719,423.203125,423.4814453125,424.2815856933594,426.388916015625,435.3529968261719,437.1817932128906,438.7621765136719,440.1248779296875,
181,335,1,6.649177551269531,147.45265197753906,155.3542938232422,189.99427795410156,190.09249877929688,194.78221130371094,196.37574768066406,199.5524139404297,203.85264587402344,213.9910888671875,217.03390502929688,218.04415893554688,219.6506805419922,220.52464294433594,223.9463653564453,228.0504913330078,229.54432678222656,229.8191375732422,230.11337280273438,231.2884063720703,234.57557678222656,236.6187286376953,238.80953979492188,240.91357421875,242.36692810058594,242.85592651367188,246.82774353027344,246.97030639648438,248.76756286621094,250.1523895263672,250.3981475830078,250.8879852294922,255.94833374023438,257.2508850097656,259.031005859375,259.6330871582031,260.16265869140625,260.75537109375,262.3288269042969,262.7325134277344,263.7535400390625,264.7798156738281,277.25433349609375,278.2500305175781,278.3321533203125,278.6072082519531,278.90496826171875,279.18109130859375,279.26739501953125,280.97235107421875,
1280,290,1,2.7843940258026123,123.07290649414062,177.44503784179688,196.75257873535156,243.48007202148438,308.6604919433594,312.322265625,315.9920349121094,336.9176025390625,338.4968566894531,339.6480712890625,353.3111877441406,355.89825439453125,359.09320068359375,375.38861083984375,378.40478515625,390.2066650390625,391.5898132324219,396.7520751953125,400.1367492675781,402.7447509765625,416.717041015625,422.1749572753906,429.0793151855469,429.1214294433594,429.2397155761719,430.0285949707031,437.3750915527344,437.6607360839844,438.7950134277344,443.07257080078125,443.1339111328125,452.7803649902344,452.8903503417969,453.5652770996094,454.812744140625,454.82012939453125,456.95361328125,457.15521240234375,464.81719970703125,467.5224609375,467.78009033203125,474.3708801269531,479.6433410644531,480.72967529296875,494.59503173828125,503.6724548339844,505.3651123046875,520.7352905273438,521.0691528320312,
1686,301,1,7.156333923339844,109.82796478271484,113.67634582519531,177.50877380371094,178.50047302246094,193.30105590820312,199.7171173095703,199.7920379638672,213.32582092285156,217.064453125,217.3790740966797,224.21139526367188,225.4749755859375,228.13758850097656,230.77053833007812,231.0198974609375,232.75018310546875,244.2540283203125,244.54638671875,244.84585571289062,254.88047790527344,258.1423645019531,258.464111328125,260.7378234863281,264.04693603515625,269.6949768066406,272.11138916015625,272.3054504394531,274.09075927734375,277.0574035644531,277.4175720214844,278.6992492675781,279.10498046875,279.9071044921875,282.8840026855469,286.45672607421875,289.5492248535156,289.9974670410156,292.62371826171875,295.2423400878906,300.1261901855469,300.2864990234375,301.4491882324219,304.8253173828125,305.1072998046875,305.9338684082031,306.1788024902344,309.6324768066406,313.2562561035156,315.46490478515625,
660,214,1,4.063102722167969,184.0626678466797,184.13235473632812,190.36351013183594,205.39993286132812,207.60301208496094,210.3713836669922,225.7997283935547,227.69363403320312,227.98048400878906,231.47315979003906,232.40573120117188,232.94247436523438,241.5287322998047,243.259765625,243.71334838867188,247.7086639404297,252.19320678710938,255.88417053222656,262.49407958984375,264.70709228515625,266.2983703613281,269.7068786621094,271.76763916015625,271.8494873046875,272.9483642578125,276.4500427246094,278.2091064453125,281.8843688964844,283.9873352050781,285.5192565917969,287.1650695800781,287.3397521972656,290.09979248046875,290.52880859375,290.6856384277344,293.29150390625,294.11785888671875,295.7581787109375,296.0459899902344,297.34686279296875,300.585205078125,304.4667663574219,306.4422607421875,314.3190612792969,315.7637939453125,316.727294921875,316.7335510253906,319.0819091796875,319.3556213378906,
146,235,1,2.740384578704834,159.17709350585938,160.2323455810547,160.3342742919922,166.36976623535156,173.19650268554688,173.79493713378906,176.9420166015625,187.6853485107422,194.61953735351562,205.43040466308594,215.50692749023438,219.29579162597656,219.705322265625,219.71292114257812,220.85826110839844,225.59620666503906,227.13462829589844,230.701904296875,234.44168090820312,235.8582763671875,235.92628479003906,238.5813751220703,238.898193359375,240.89788818359375,241.2039031982422,241.64923095703125,246.5854034423828,248.6966552734375,248.91209411621094,252.50579833984375,254.0684356689453,256.61328125,257.48785400390625,259.7738952636719,260.0704040527344,260.15625,271.40533447265625,271.9039611816406,272.67291259765625,273.6597900390625,278.69146728515625,281.1495056152344,283.61956787109375,284.46881103515625,285.1673278808594,285.847900390625,287.7903747558594,291.4519958496094,291.90887451171875,
1393,286,1,2.58205246925354,90.21409606933594,126.70556640625,131.1912078857422,131.47593688964844,134.66539001464844,134.90390014648438,141.31988525390625,150.3310546875,158.65814208984375,165.14723205566406,166.14883422851562,166.44192504882812,167.7255859375,176.42652893066406,181.52960205078125,182.4780731201172,190.01939392089844,190.10739135742188,192.11846923828125,194.70269775390625,196.3187713623047,202.92926025390625,204.76438903808594,204.92478942871094,208.6678009033203,210.69309997558594,211.3465118408203,212.57162475585938,213.59873962402344,217.90280151367188,218.09193420410156,218.24314880371094,219.9568328857422,220.36880493164062,220.5539093017578,222.02764892578125,222.56602478027344,222.73696899414062,222.84629821777344,223.39422607421875,225.18963623046875,227.32862854003906,227.58494567871094,227.83929443359375,232.814697265625,234.3996124267578,235.22166442871094,239.55352783203125,240.71104431152344,
218,270,1,2.3814096450805664,65.36263275146484,65.97899627685547,66.11986541748047,75.40296936035156,83.31582641601562,88.33855438232422,95.804443359375,97.9818344116211,99.87673950195312,105.14734649658203,105.30301666259766,108.66275024414062,108.80813598632812,112.97347259521484,113.3217544555664,123.25056457519531,123.39339447021484,123.56416320800781,125.1021957397461,126.69406127929688,130.06690979003906,131.95896911621094,132.14520263671875,136.94134521484375,139.90139770507812,140.30662536621094,140.3776397705078,141.38491821289062,142.2472381591797,143.15049743652344,143.21571350097656,146.0928497314453,147.21261596679688,149.8191680908203,150.0547637939453,151.9079132080078,152.60227966308594,154.15777587890625,159.0664825439453,160.3400421142578,160.78076171875,161.7852783203125,162.56874084472656,163.6060791015625,164.39683532714844,165.03836059570312,166.41336059570312,166.6275634765625,173.1997528076172,
288,115,1,1.338715672492981,125.71790313720703,150.03353881835938,155.5626983642578,166.31808471679688,168.89830017089844,181.5799102783203,184.4043731689453,190.05023193359375,193.7279510498047,195.7864990234375,209.70643615722656,221.9795379638672,229.90673828125,239.63818359375,243.0589141845703,248.72621154785156,256.876220703125,258.5526123046875,263.9529724121094,264.12860107421875,265.1044006347656,269.0157470703125,269.3666687011719,271.1788330078125,271.50439453125,273.59307861328125,280.46331787109375,281.7614440917969,283.8984375,285.21331787109375,286.206298828125,287.6243591308594,288.1674499511719,289.6217956542969,289.73834228515625,291.7396240234375,292.08380126953125,293.60302734375,297.3099365234375,299.58038330078125,299.5904541015625,300.5382385253906,302.0507507324219,304.03802490234375,306.2053527832031,311.32916259765625,311.6116638183594,312.2564697265625,312.3876037597656,
1596,281,1,3.0603256225585938,210.59031677246094,221.27294921875,262.2017517089844,278.7490539550781,302.2013244628906,307.5101013183594,313.8143615722656,315.1443786621094,318.558349609375,326.3238525390625,327.3556213378906,329.5760498046875,338.2222595214844,341.0025939941406,341.7616271972656,344.5974426269531,350.7341613769531,355.0327453613281,357.141845703125,365.0075988769531,367.2043151855469,368.6012268066406,372.0282897949219,373.72705078125,376.8096008300781,379.2389221191406,380.34552001953125,385.0486145019531,385.7350158691406,386.5367126464844,388.0555114746094,389.9076843261719,392.9535217285156,394.19757080078125,395.5798645019531,399.2238464355469,401.0624084472656,401.2141418457031,403.30560302734375,405.76458740234375,408.0799865722656,411.3980407714844,412.22357177734375,413.0293884277344,414.0764465332031,416.5204772949219,417.31427001953125,420.3392028808594,420.3811340332031,
1389,290,1,2.523920774459839,115.44568634033203,118.86759185791016,139.0572509765625,150.6669921875,153.11312866210938,156.51930236816406,160.3635711669922,162.62709045410156,176.7597198486328,179.8701629638672,191.59947204589844,202.2484893798828,207.76043701171875,209.57708740234375,210.8249969482422,214.2720489501953,220.2223663330078,220.65032958984375,220.74807739257812,221.01463317871094,224.95758056640625,225.1353302001953,227.18572998046875,236.98716735839844,237.33497619628906,239.7293701171875,240.81150817871094,241.25450134277344,244.00428771972656,245.6750946044922,245.69207763671875,248.45753479003906,249.0227813720703,249.2344512939453,250.4415283203125,252.34042358398438,256.75531005859375,256.8539123535156,259.72235107421875,260.7833251953125,261.24908447265625,262.513916015625,263.18804931640625,266.7802429199219,267.42779541015625,272.08428955078125,272.6768798828125,273.9280700683594,277.57305908203125,
568,250,1,3.1472885608673096,123.12623596191406,137.53306579589844,204.01268005371094,237.50250244140625,245.45614624023438,252.7429656982422,287.9608154296875,288.1125183105469,290.886962890625,299.26983642578125,300.3634338378906,302.7933044433594,309.7928466796875,310.338623046875,310.86627197265625,311.124267578125,311.1493835449219,311.6053771972656,313.0341491699219,316.14410400390625,317.60638427734375,325.6065673828125,325.6404113769531,337.07257080078125,338.5472106933594,343.74481201171875,349.00653076171875,349.1780090332031,350.41412353515625,351.59686279296875,352.49273681640625,353.3514099121094,355.08856201171875,360.3967590332031,360.8458251953125,363.22210693359375,365.0937194824219,369.36212158203125,370.9997253417969,371.7909851074219,374.4552307128906,377.55865478515625,379.3175354003906,380.85040283203125,382.0791320800781,383.0217590332031,383.5328674316406,385.2782897949219,385.43450927734375,
588,267,1,5.855518341064453,126.19703674316406,137.8645782470703,149.8113250732422,154.7533721923828,158.4684295654297,163.3181610107422,170.28414916992188,171.48997497558594,173.96774291992188,179.56910705566406,180.1150665283203,182.30992126464844,184.23275756835938,184.31857299804688,185.38851928710938,190.22027587890625,195.58563232421875,195.72381591796875,195.9546661376953,200.60968017578125,200.81643676757812,201.6211700439453,204.22915649414062,204.536865234375,205.4144744873047,206.6991424560547,207.01974487304688,207.22926330566406,208.6848907470703,211.61474609375,211.635498046875,216.3104705810547,217.14234924316406,217.1997528076172,219.7745361328125,221.0118865966797,221.443115234375,221.60714721679688,221.810302734375,222.27622985839844,222.36236572265625,222.83441162109375,223.33370971679688,223.55943298339844,224.22276306152344,224.3089599609375,224.3473358154297,225.18777465820312,225.61119079589844,
1469,300,1,4.811198711395264,52.21106719970703,70.79059600830078,84.2362060546875,144.55372619628906,187.0620880126953,220.07582092285156,224.76901245117188,227.5001678466797,228.49606323242188,235.33106994628906,243.68080139160156,253.5718231201172,254.78907775878906,289.1304626464844,294.6751403808594,297.1724853515625,305.0188903808594,308.29266357421875,310.5964050292969,315.1088562011719,331.7273864746094,339.1116943359375,343.3482666015625,345.1701354980469,350.4913024902344,352.54541015625,359.15625,372.1229553222656,376.564453125,379.892333984375,390.01776123046875,398.88421630859375,400.32427978515625,403.310302734375,405.48358154296875,408.336181640625,409.0049133300781,409.9877014160156,410.4185485839844,411.0774841308594,428.15277099609375,430.6991882324219,431.0439758300781,433.4630126953125,433.6509704589844,435.6950378417969,437.2132263183594,438.7192077636719,439.49090576171875,
1078,308,1,5.712345123291016,129.64097595214844,160.71673583984375,167.60733032226562,177.2613067626953,178.76773071289062,185.14683532714844,195.60812377929688,198.39747619628906,202.0273895263672,202.77151489257812,203.44866943359375,206.8264617919922,207.1901092529297,209.68028259277344,209.77865600585938,214.99465942382812,219.1267852783203,220.62994384765625,222.94004821777344,224.49203491210938,224.73403930664062,228.919189453125,232.39234924316406,232.43829345703125,232.55966186523438,233.11322021484375,233.6894073486328,234.31558227539062,237.87257385253906,237.920166015625,243.31593322753906,245.8799591064453,253.59010314941406,258.1958312988281,258.5489196777344,259.1227111816406,260.34088134765625,261.12774658203125,261.4335021972656,263.4419250488281,265.9031066894531,268.0170593261719,268.34942626953125,268.96246337890625,270.1625671386719,271.3778076171875,273.4132385253906,273.824951171875,276.3452453613281,
153,240,1,3.780144691467285,199.9042510986328,269.3480224609375,311.3726501464844,320.6758117675781,335.927734375,346.00091552734375,358.7243957519531,367.2319030761719,370.5960388183594,373.9527893066406,393.9827880859375,398.61199951171875,408.44854736328125,414.452392578125,415.7992248535156,416.89080810546875,418.1057434082031,435.9422912597656,441.4076843261719,442.719970703125,444.73980712890625,451.0027160644531,451.820556640625,455.0927734375,456.7989501953125,457.4120788574219,463.3908996582031,464.7415466308594,465.0523681640625,465.92559814453125,466.0422058105469,468.48907470703125,469.27325439453125,469.9268493652344,471.2209777832031,475.6210021972656,476.1624450683594,476.393310546875,476.7532958984375,478.6319885253906,485.4327087402344,486.4366760253906,489.6297302246094,491.7452392578125,493.2298889160156,496.1322937011719,496.338134765625,497.04046630859375,498.9759826660156,
971,261,1,0.9857276082038879,55.573455810546875,58.868804931640625,62.73160171508789,68.80433654785156,75.28012084960938,82.75872039794922,85.702392578125,86.93592071533203,87.25994110107422,97.1393051147461,101.53651428222656,101.69071197509766,101.82095336914062,104.22712707519531,105.57315826416016,106.4039306640625,107.2488784790039,114.45597076416016,114.70868682861328,118.23090362548828,121.85101318359375,124.18871307373047,124.54275512695312,125.18134307861328,125.87359619140625,126.5739974975586,126.6577377319336,127.16858673095703,130.4563751220703,131.08912658691406,133.78411865234375,135.5157470703125,135.7744140625,136.29095458984375,139.1998291015625,139.34364318847656,143.2826385498047,144.057861328125,145.9059295654297,147.34620666503906,148.8683319091797,148.89666748046875,152.74996948242188,154.1407470703125,156.03726196289062,160.79786682128906,163.19581604003906,164.8719482421875,166.3100128173828,
607,194,1,4.004812717437744,108.0275650024414,133.88604736328125,137.6300048828125,165.40220642089844,167.66973876953125,188.13719177246094,190.999755859375,197.4654083251953,204.8643035888672,209.1165771484375,210.1812744140625,211.3250274658203,213.35350036621094,213.40658569335938,217.35772705078125,228.4447021484375,228.56736755371094,230.14544677734375,234.924072265625,234.94883728027344,238.45916748046875,239.69586181640625,241.36566162109375,242.87786865234375,243.94834899902344,245.0131378173828,245.2082977294922,245.73170471191406,248.69590759277344,252.11251831054688,260.21051025390625,261.9259033203125,262.6816101074219,263.21380615234375,267.42919921875,268.02056884765625,268.1639709472656,269.07647705078125,275.5400695800781,276.60845947265625,286.4920959472656,289.6934814453125,289.7616271972656,289.9934387207031,292.3132019042969,292.3859558105469,294.9071350097656,295.6732482910156,296.3937683105469,
348,32,1,60.54309844970703,297.6722106933594,330.46490478515625,347.60491943359375,424.371337890625,447.7252197265625,474.91790771484375,476.1083679199219,483.31982421875,505.22900390625,528.7059326171875,531.833984375,532.276611328125,540.1537475585938,541.5093383789062,543.18310546875,553.443359375,554.1143798828125,566.8672485351562,570.95654296875,573.6717529296875,578.7107543945312,582.8884887695312,587.2095336914062,587.2277221679688,592.88720703125,594.0053100585938,594.6728515625,597.4916381835938,597.9739990234375,600.0169677734375,601.3564453125,603.3130493164062,603.4371948242188,607.0701293945312,611.4608764648438,612.0195922851562,615.68798828125,617.5396728515625,617.7994384765625,619.8365478515625,623.2552490234375,624.1725463867188,629.9806518554688,630.2172241210938,634.5215454101562,634.7716674804688,637.3367919921875,645.730712890625,645.9121704101562,
200,323,1,10.343158721923828,94.31181335449219,102.15220642089844,122.59415435791016,123.95193481445312,134.2283935546875,134.3281707763672,142.6083984375,150.106201171875,154.97340393066406,157.22752380371094,160.29171752929688,167.4329071044922,172.59674072265625,174.85951232910156,178.15390014648438,178.18997192382812,178.35302734375,181.0313720703125,183.09600830078125,183.15859985351562,185.97386169433594,187.22213745117188,189.0926971435547,189.33534240722656,189.5403289794922,192.13282775878906,192.6785430908203,193.0695343017578,193.56092834472656,194.4058837890625,194.82406616210938,195.66305541992188,196.48764038085938,197.2392578125,198.75613403320312,199.08987426757812,199.20176696777344,199.40467834472656,200.38943481445312,201.71263122558594,202.23268127441406,202.8335418701172,203.188720703125,203.7721710205078,206.19873046875,207.52955627441406,209.42965698242188,209.63304138183594,209.76858520507812,
112,161,1,3.814145803451538,114.67434692382812,125.76315307617188,127.27755737304688,145.60093688964844,151.08346557617188,152.80943298339844,154.62339782714844,156.02682495117188,156.29296875,157.12684631347656,157.5197296142578,157.96270751953125,162.39984130859375,162.6302947998047,163.78927612304688,165.37564086914062,166.240234375,166.6804962158203,169.99005126953125,171.294677734375,171.825927734375,172.2639617919922,180.10061645507812,182.95510864257812,185.8419647216797,186.54473876953125,188.97865295410156,190.51693725585938,192.60452270507812,193.52865600585938,194.4426727294922,194.73744201660156,196.5142059326172,202.1521453857422,202.5780792236328,202.88339233398438,204.81509399414062,205.5010986328125,210.22181701660156,211.1785430908203,211.54344177246094,211.63589477539062,212.2357635498047,213.6331329345703,216.8514862060547,217.82357788085938,218.38858032226562,222.1481475830078,222.17176818847656,
1543,287,1,2.1865549087524414,69.27751922607422,76.045654296875,98.21681213378906,98.26943969726562,106.04484558105469,121.84767150878906,123.8638687133789,126.0062484741211,136.58802795410156,146.4794921875,148.4635009765625,151.3874053955078,151.5709228515625,152.7122802734375,153.53199768066406,154.9968719482422,157.66445922851562,158.1265411376953,159.97581481933594,169.73292541503906,172.0092315673828,173.2037353515625,174.43728637695312,180.58799743652344,181.4387664794922,182.8656005859375,184.26719665527344,184.4478302001953,189.9564208984375,191.48574829101562,191.8383331298828,195.15887451171875,195.80215454101562,197.9805145263672,199.53936767578125,201.0016326904297,202.69775390625,204.28585815429688,206.87574768066406,207.54769897460938,211.73495483398438,214.3497772216797,219.2878875732422,220.3109588623047,220.62457275390625,224.74745178222656,227.0618438720703,227.79232788085938,228.293212890625,
1674,292,1,3.6618988513946533,150.82518005371094,167.9516143798828,190.15859985351562,191.4043731689453,192.38003540039062,206.52688598632812,207.9085235595703,220.31106567382812,221.25820922851562,223.03329467773438,223.53082275390625,223.8916015625,233.93345642089844,242.5314483642578,248.9822235107422,250.33619689941406,253.4886932373047,253.943115234375,257.6246337890625,257.9795227050781,259.1736145019531,264.2610778808594,266.8594970703125,272.9624328613281,273.1274719238281,273.50274658203125,277.2935791015625,280.1317443847656,283.39154052734375,291.1043395996094,292.79248046875,295.0081481933594,298.7834167480469,300.9701843261719,303.40985107421875,305.6688232421875,308.3039855957031,312.2662048339844,312.40167236328125,312.5318298339844,314.6925354003906,315.2884826660156,315.8477478027344,315.85272216796875,316.96759033203125,317.6183776855469,317.7789611816406,318.5879821777344,319.7034912109375,
1709,306,1,3.911295175552368,107.17606353759766,165.0606231689453,202.9700469970703,209.5768280029297,210.52294921875,218.580078125,231.77178955078125,241.9699249267578,244.4214630126953,247.28587341308594,250.52764892578125,255.13555908203125,262.55511474609375,270.77935791015625,272.622314453125,273.9442138671875,283.592041015625,292.1592102050781,292.39385986328125,307.5597839355469,311.6271057128906,318.3164367675781,325.20941162109375,325.5498962402344,329.9881591796875,330.06719970703125,333.7314758300781,338.79376220703125,344.210693359375,348.2934265136719,351.1820983886719,352.8611145019531,362.2638244628906,365.3656311035156,368.082763671875,369.5126647949219,370.85870361328125,372.24591064453125,377.3599548339844,378.2227783203125,379.09954833984375,380.8065185546875,383.11724853515625,384.3078308105469,385.8438415527344,389.2011413574219,390.4742736816406,390.4789123535156,391.6558837890625,
142,237,1,4.987773418426514,93.90438842773438,147.06275939941406,159.727294921875,168.6726531982422,182.8302459716797,196.52249145507812,199.6298065185547,200.93572998046875,215.91497802734375,221.82540893554688,229.65834045410156,231.75511169433594,233.29571533203125,234.11843872070312,234.20333862304688,236.31686401367188,238.9308319091797,239.77159118652344,246.13253784179688,246.19728088378906,247.45132446289062,249.19451904296875,249.24923706054688,251.25582885742188,251.86859130859375,253.5338897705078,254.67498779296875,255.64134216308594,256.8702392578125,257.09637451171875,258.48956298828125,259.1583557128906,259.71905517578125,259.7586669921875,263.7262878417969,267.8991394042969,269.6413879394531,272.7894287109375,275.3538513183594,275.7537841796875,278.9665832519531,279.0469665527344,279.9818420410156,281.1444091796875,283.54132080078125,287.8138122558594,294.3686218261719,295.3529968261719,296.1344299316406,
1652,299,1,1.9308192729949951,44.02119827270508,121.90550994873047,130.88900756835938,148.548583984375,151.504150390625,153.4300079345703,158.43576049804688,168.1498565673828,170.2032012939453,170.71913146972656,173.6206817626953,181.6005859375,182.48513793945312,183.94529724121094,186.84507751464844,187.002685546875,191.94808959960938,195.53819274902344,195.73123168945312,196.33273315429688,201.17593383789062,201.9022674560547,203.2234649658203,203.74766540527344,209.69149780273438,210.9700927734375,212.0650634765625,212.62820434570312,217.48428344726562,218.65359497070312,219.52796936035156,219.7384796142578,221.6570281982422,223.8677978515625,224.82492065429688,226.8380889892578,227.05760192871094,227.46522521972656,230.76206970214844,234.03790283203125,236.96791076660156,237.76112365722656,238.46429443359375,239.47775268554688,242.4251708984375,242.4318084716797,245.26800537109375,245.39866638183594,246.8665771484375,
731,192,1,11.640517234802246,338.1341857910156,341.5067138671875,357.26226806640625,363.7792663574219,372.4148254394531,420.30181884765625,432.51763916015625,436.3033142089844,443.0851135253906,445.5492858886719,453.6214599609375,455.2456359863281,455.7110900878906,455.7166442871094,456.68829345703125,457.1976013183594,459.7523193359375,460.5530090332031,461.8442077636719,467.1686706542969,473.19671630859375,477.3477783203125,478.3180236816406,479.35546875,482.6561279296875,483.05615234375,489.1388854980469,491.00762939453125,495.4169616699219,497.0261535644531,501.4310302734375,501.4925231933594,503.5553283691406,505.82568359375,506.77923583984375,506.7957763671875,507.3476257324219,512.091552734375,515.16748046875,516.1004028320312,516.3944091796875,520.6507568359375,522.2552490234375,527.4940795898438,529.279296875,530.0230102539062,530.0524291992188,530.4219360351562,530.7373657226562,
522,324,1,1.1321150064468384,55.76089859008789,59.0565185546875,60.7849006652832,62.63641357421875,63.07527160644531,64.37646484375,65.8094482421875,70.10227966308594,73.15059661865234,73.19319152832031,74.74740600585938,76.56070709228516,77.0545883178711,77.61228942871094,78.55949401855469,78.62089538574219,78.68951416015625,83.69231414794922,85.87361145019531,87.12300109863281,88.81980895996094,89.21531677246094,89.90123748779297,96.52835845947266,98.40593719482422,101.01343536376953,101.11895751953125,101.84266662597656,108.27301025390625,110.44149780273438,117.65145111083984,118.02268981933594,122.41598510742188,122.55985260009766,123.35161590576172,126.23857879638672,126.4776382446289,128.0618438720703,129.60501098632812,129.80690002441406,130.03988647460938,130.17929077148438,131.17247009277344,132.3861083984375,133.0587615966797,134.87838745117188,138.02333068847656,139.91561889648438,140.98033142089844,
514,331,1,1.7180132865905762,97.75865173339844,100.20748138427734,102.93656921386719,103.39250183105469,104.91616821289062,105.98383331298828,107.5956039428711,110.53658294677734,113.09137725830078,114.86592102050781,115.97869873046875,116.49551391601562,117.23550415039062,119.98351287841797,123.34423828125,124.5438461303711,126.33104705810547,131.20596313476562,132.95587158203125,136.73719787597656,138.0073699951172,138.18441772460938,139.93516540527344,141.44650268554688,142.46339416503906,143.7253875732422,147.32168579101562,148.46730041503906,151.8306121826172,153.16851806640625,161.99652099609375,163.73348999023438,164.6399688720703,169.48480224609375,171.5280303955078,171.71060180664062,176.6394500732422,178.3792266845703,179.6316375732422,180.89471435546875,181.80194091796875,190.271484375,191.64170837402344,192.15325927734375,193.01580810546875,193.59835815429688,193.71514892578125,195.13449096679688,196.37966918945312,
1346,313,1,5.241028308868408,149.95144653320312,160.94564819335938,185.37461853027344,244.25926208496094,269.2904052734375,287.7755126953125,291.8092041015625,292.4076843261719,294.0311584472656,320.92388916015625,327.46417236328125,341.63043212890625,358.92156982421875,366.106689453125,367.6846008300781,378.3369445800781,381.116943359375,386.67913818359375,392.29248046875,398.9001159667969,405.572998046875,411.6156921386719,414.2301940917969,425.5821838378906,425.7296142578125,431.0096130371094,431.7687683105469,434.5865173339844,439.427001953125,444.62469482421875,444.9186706542969,449.4817199707031,454.9510498046875,460.0169372558594,460.4595947265625,461.1112365722656,462.0307312011719,464.6101379394531,465.81219482421875,472.3763122558594,472.711181640625,475.4456481933594,485.45782470703125,485.97149658203125,488.08990478515625,489.1646423339844,489.7153015136719,491.3363037109375,497.3450622558594,
1516,303,1,6.050645351409912,186.95436096191406,205.4265899658203,218.8003387451172,232.76927185058594,240.0111541748047,250.58258056640625,263.8797607421875,279.6930236816406,288.2395935058594,288.99725341796875,315.4477233886719,324.8116149902344,329.0630187988281,330.5365295410156,333.24578857421875,334.37481689453125,339.4165954589844,345.9054260253906,348.4491271972656,348.9583740234375,359.4800109863281,376.19390869140625,376.3605041503906,383.4467468261719,384.4083557128906,387.99658203125,400.9927062988281,402.7936096191406,411.5476989746094,411.7378845214844,412.0979919433594,413.2764892578125,415.3172302246094,417.5202331542969,422.4515686035156,424.8699951171875,428.393310546875,430.7353820800781,441.312255859375,442.3824768066406,443.2640686035156,443.904052734375,445.49310302734375,446.07568359375,446.77099609375,451.1465148925781,453.84283447265625,453.90802001953125,454.2048645019531,
1671,307,1,3.140299081802368,116.3582992553711,142.84605407714844,176.0051727294922,176.80081176757812,188.40536499023438,189.3269805908203,196.2465057373047,203.368408203125,206.83822631835938,212.93568420410156,214.72976684570312,221.6479034423828,226.5609588623047,228.75381469726562,231.5131378173828,232.36309814453125,234.75733947753906,237.1558380126953,238.19073486328125,240.8372802734375,241.821044921875,242.58982849121094,243.3563232421875,244.370849609375,248.6964111328125,249.85008239746094,254.4021453857422,256.1738586425781,258.18890380859375,259.6731262207031,262.8733215332031,266.0010986328125,268.65155029296875,269.4003601074219,273.9098815917969,274.29388427734375,278.1490173339844,278.21343994140625,282.0791015625,282.1905212402344,282.4530944824219,283.3993225097656,284.0893859863281,286.91339111328125,287.3916015625,288.3792419433594,290.052001953125,291.0851135253906,294.04046630859375,
772,19,1,33.811424255371094,199.83291625976562,204.58885192871094,208.52810668945312,208.75160217285156,230.49322509765625,243.74620056152344,252.68788146972656,257.6559753417969,260.92840576171875,262.3049011230469,262.6624450683594,267.5298156738281,269.8468933105469,270.1092529296875,274.8214111328125,277.51092529296875,281.6913146972656,286.1234436035156,292.2901306152344,292.841552734375,293.2571716308594,293.7884521484375,295.2000427246094,297.4010009765625,298.9097900390625,299.9245300292969,300.12237548828125,301.947998046875,306.14923095703125,306.80859375,307.2308044433594,310.9727478027344,312.418701171875,313.34490966796875,313.90960693359375,313.9616394042969,317.3193359375,317.4782409667969,318.7299499511719,320.36962890625,320.9348449707031,323.3529357910156,324.1977233886719,324.2623291015625,329.0354919433594,329.5239562988281,329.99078369140625,332.870849609375,333.53851318359375,
1745,291,1,3.449104070663452,160.90122985839844,277.4712219238281,281.4830322265625,283.61865234375,284.6956787109375,290.37799072265625,290.81109619140625,293.05810546875,293.24847412109375,293.3568420410156,295.11846923828125,301.2303771972656,303.3515319824219,303.7861328125,313.6108093261719,317.1455993652344,321.501220703125,328.10809326171875,328.2831115722656,331.3891906738281,331.4122314453125,335.5873107910156,338.749755859375,338.91510009765625,339.7825012207031,342.1128845214844,343.3599853515625,345.67376708984375,347.75146484375,348.69171142578125,349.7021789550781,358.92706298828125,359.1428527832031,359.6484375,360.8885192871094,360.96453857421875,362.1739501953125,369.92938232421875,370.7414855957031,372.7879638671875,377.0572204589844,377.0684509277344,379.97021484375,380.017333984375,380.1268615722656,380.5364990234375,381.9759521484375,382.6994323730469,385.4873962402344,
685,195,1,5.676819801330566,137.692138671875,145.18052673339844,181.41323852539062,194.146728515625,195.6223602294922,209.2225341796875,226.66958618164062,242.2293701171875,244.72711181640625,245.78656005859375,247.74024963378906,253.7080078125,260.74188232421875,261.84063720703125,267.9222106933594,273.253173828125,275.2392272949219,294.6688232421875,298.02569580078125,298.44873046875,310.322998046875,312.4750671386719,313.91900634765625,314.8111267089844,323.3052062988281,324.1707763671875,329.3606872558594,330.5135498046875,330.6319580078125,333.3609924316406,335.656982421875,337.1082763671875,347.2841491699219,348.7403259277344,349.2817077636719,349.3694763183594,354.6621398925781,357.2474060058594,357.9468078613281,358.3895568847656,359.6847839355469,362.73089599609375,366.0196838378906,366.2118225097656,367.38336181640625,368.2184143066406,369.281494140625,369.871337890625,375.2855529785156,
488,195,1,5.303887844085693,106.23707580566406,108.81355285644531,121.72266387939453,135.0935821533203,137.65447998046875,142.88656616210938,143.85543823242188,144.62069702148438,144.78274536132812,151.66647338867188,157.40867614746094,167.82763671875,177.867431640625,194.2784881591797,198.35009765625,200.04501342773438,203.6628875732422,204.4344940185547,205.58563232421875,210.71267700195312,210.74940490722656,211.0030975341797,212.603759765625,214.62452697753906,216.59754943847656,217.09884643554688,227.38177490234375,227.80178833007812,229.16184997558594,230.68594360351562,233.77011108398438,234.59271240234375,235.7740478515625,235.9890899658203,237.4949493408203,240.20838928222656,242.27822875976562,244.70468139648438,245.64076232910156,245.99700927734375,246.99671936035156,252.38565063476562,255.605224609375,257.21649169921875,258.64837646484375,259.5804138183594,259.7828369140625,262.3739318847656,263.2685852050781,
1748,284,1,5.359676837921143,324.0740661621094,365.7616271972656,397.8971862792969,412.6275939941406,422.3844299316406,423.2118225097656,426.82830810546875,431.5525207519531,444.7577209472656,448.06707763671875,464.6568908691406,484.85931396484375,504.34307861328125,504.87652587890625,506.1142883300781,508.95269775390625,509.11273193359375,511.0783386230469,511.58172607421875,517.3450927734375,518.4744262695312,518.8092041015625,519.3756713867188,522.0849609375,529.260986328125,531.161376953125,534.143310546875,536.2216186523438,538.12744140625,540.5006103515625,543.144775390625,544.3516235351562,558.3336791992188,562.669921875,562.8511962890625,566.2682495117188,566.4066772460938,566.7439575195312,566.8461303710938,567.5573120117188,570.78564453125,572.68310546875,573.233642578125,573.8746337890625,574.2345581054688,582.30859375,584.0203857421875,584.4525146484375,584.55029296875,
789,19,1,15.154876708984375,115.23282623291016,155.9552764892578,176.62335205078125,180.1426544189453,186.8699951171875,191.8387908935547,195.9501495361328,196.10739135742188,229.61656188964844,230.02818298339844,230.2351531982422,238.48583984375,251.5477752685547,261.25732421875,261.9227600097656,262.3081359863281,263.9507751464844,264.8987731933594,265.1379089355469,265.6304931640625,265.7103271484375,265.73480224609375,267.1344299316406,267.9687805175781,268.96783447265625,273.8233947753906,276.88995361328125,279.000732421875,280.9098815917969,281.20965576171875,283.5259704589844,287.27252197265625,291.75848388671875,293.26947021484375,295.1628723144531,296.0327453613281,296.2739562988281,298.7643737792969,298.9266357421875,303.05584716796875,305.50701904296875,306.4203186035156,309.4720153808594,312.2350158691406,314.7373962402344,315.32958984375,316.1675109863281,316.4927062988281,317.9503173828125,
1145,278,1,2.7141287326812744,119.17066955566406,141.84524536132812,147.67474365234375,152.34811401367188,165.3345489501953,172.0393524169922,178.0460968017578,184.62071228027344,190.0977325439453,190.31439208984375,197.90377807617188,202.3885040283203,205.98362731933594,206.62103271484375,207.88243103027344,209.4501495361328,210.70077514648438,214.58238220214844,214.84141540527344,215.31935119628906,215.3992156982422,216.59092712402344,217.16407775878906,218.09884643554688,220.40087890625,221.12876892089844,221.258544921875,222.2342987060547,225.3936767578125,228.09625244140625,228.26319885253906,228.3424530029297,228.9064483642578,229.3388214111328,229.3906707763672,229.80972290039062,230.75897216796875,231.4838104248047,231.7459259033203,233.5388641357422,234.64425659179688,235.36083984375,235.48094177246094,236.10830688476562,237.76901245117188,238.7525177001953,240.278564453125,242.53570556640625,243.3845977783203,
1632,292,1,2.6891798973083496,202.41258239746094,216.20936584472656,235.75949096679688,238.28753662109375,239.2726593017578,250.2818603515625,255.99960327148438,265.6974792480469,269.2666015625,272.7850036621094,273.7987976074219,284.1634521484375,284.3499755859375,285.76202392578125,290.3269958496094,294.65557861328125,297.3402404785156,308.9736633300781,312.05938720703125,314.1168518066406,320.26904296875,320.8681335449219,321.8341064453125,323.07373046875,323.3980407714844,325.290771484375,327.4846496582031,328.73052978515625,329.3556823730469,330.81866455078125,331.3039855957031,333.28448486328125,333.66912841796875,334.66192626953125,335.45941162109375,337.0413818359375,338.12335205078125,338.16943359375,338.9344177246094,339.28765869140625,340.9374694824219,343.7581787109375,347.99786376953125,348.7542724609375,351.4189758300781,351.9222106933594,352.2783508300781,355.66387939453125,355.71966552734375,
1699,295,1,3.8449831008911133,132.9646759033203,137.1216583251953,142.4423370361328,159.49783325195312,160.1477813720703,163.05926513671875,174.6165313720703,177.63963317871094,186.56948852539062,189.03585815429688,189.3707733154297,191.66197204589844,194.6627655029297,200.81837463378906,206.42088317871094,207.56089782714844,219.94622802734375,221.76844787597656,221.85507202148438,223.74085998535156,224.2373504638672,225.56674194335938,231.64013671875,232.96142578125,235.18612670898438,237.4022674560547,238.30245971679688,239.1059112548828,240.45069885253906,240.5512237548828,241.16937255859375,241.39541625976562,243.10128784179688,243.1570281982422,244.11634826660156,244.21409606933594,247.99452209472656,249.92462158203125,253.08285522460938,253.7782745361328,253.8780975341797,253.96728515625,254.07786560058594,256.234130859375,257.3326110839844,259.9519348144531,261.0340270996094,263.54296875,264.762451171875,
1470,283,1,5.031698226928711,282.8712463378906,313.13226318359375,322.1330871582031,387.81591796875,429.47576904296875,431.36962890625,446.5799255371094,457.90533447265625,462.4400939941406,462.8336181640625,465.8648376464844,466.9922180175781,474.7447204589844,475.5820007324219,476.8988342285156,486.0373840332031,487.10693359375,487.36859130859375,489.0206604003906,491.2113952636719,501.4964294433594,505.8314514160156,507.61346435546875,518.1696166992188,518.7073974609375,519.962890625,534.7318725585938,534.9468994140625,535.7750854492188,540.1795043945312,543.2731323242188,545.4508056640625,549.2614135742188,554.513427734375,557.0316772460938,557.951416015625,559.5714721679688,562.947509765625,565.4054565429688,566.2927856445312,569.6499633789062,579.0772094726562,583.666748046875,583.943359375,586.2881469726562,587.572021484375,589.0655517578125,589.4118041992188,592.6676635742188,
306,31,1,26.456321716308594,112.91099548339844,137.7115478515625,187.7478790283203,194.81468200683594,198.61917114257812,207.39346313476562,211.7213897705078,212.29287719726562,217.07986450195312,224.20913696289062,227.74215698242188,228.04124450683594,228.2271270751953,233.23960876464844,233.7751007080078,233.85057067871094,236.0579833984375,237.80889892578125,239.04058837890625,241.04397583007812,242.0568389892578,244.89503479003906,256.9123229980469,259.6781921386719,260.33880615234375,261.64080810546875,261.873779296875,262.2842712402344,262.8699645996094,264.2355041503906,264.32568359375,264.77838134765625,264.9867858886719,268.21258544921875,268.313720703125,272.6062927246094,273.97357177734375,274.40606689453125,275.5505676269531,277.9993591308594,279.5024108886719,280.75701904296875,282.2586975097656,282.34088134765625,283.69384765625,285.387451171875,286.94049072265625,287.509521484375,289.2127990722656,
770,53,1,51.80967330932617,562.8422241210938,569.8345336914062,587.9146728515625,602.362060546875,609.1253662109375,615.4422607421875,615.7677612304688,632.9485473632812,641.1527709960938,644.8350830078125,672.501953125,683.5044555664062,688.1481323242188,690.4971313476562,693.49365234375,694.1143188476562,696.3613891601562,701.0400390625,702.4874267578125,714.5717163085938,721.0726318359375,722.2239379882812,726.1050415039062,731.7183837890625,735.1004638671875,735.4171752929688,737.46044921875,738.4741821289062,739.3348999023438,740.5249633789062,741.2398071289062,742.4281005859375,743.7019653320312,744.5728149414062,746.210693359375,747.5540771484375,752.0562133789062,752.188232421875,753.5372314453125,754.079833984375,754.8438720703125,759.6685180664062,763.17724609375,771.4532470703125,777.9806518554688,778.091796875,778.2474975585938,778.8460693359375,782.805419921875,
1185,262,1,2.6158058643341064,126.20072937011719,129.90455627441406,146.76681518554688,158.49562072753906,169.6149444580078,171.51071166992188,175.06735229492188,178.81004333496094,187.59317016601562,190.5543670654297,191.7752227783203,193.5048370361328,194.63381958007812,195.09886169433594,195.43240356445312,195.89378356933594,202.73703002929688,203.7822723388672,204.02407836914062,205.03350830078125,207.0328369140625,208.4584197998047,209.6066436767578,210.77053833007812,211.80050659179688,212.6810760498047,216.62481689453125,217.86422729492188,219.069091796875,225.70089721679688,229.79086303710938,229.8124237060547,231.06312561035156,231.10528564453125,231.73104858398438,233.05487060546875,234.09738159179688,234.10430908203125,234.14796447753906,235.49658203125,237.28402709960938,237.5883026123047,240.327880859375,240.63238525390625,240.7694549560547,242.07237243652344,242.1544952392578,243.60928344726562,244.12046813964844,
318,31,1,40.689231872558594,123.42892456054688,128.3072967529297,128.47384643554688,130.3125762939453,132.09521484375,136.0930938720703,141.19281005859375,149.96749877929688,163.92552185058594,165.29583740234375,166.6656951904297,174.41326904296875,175.6286163330078,176.92660522460938,177.36732482910156,178.57498168945312,178.7108612060547,180.58570861816406,182.58621215820312,183.18214416503906,183.2808380126953,183.68983459472656,190.27662658691406,191.931396484375,194.2510223388672,197.2622833251953,197.79534912109375,198.74220275878906,199.96702575683594,201.1725616455078,201.58157348632812,202.60702514648438,205.0012664794922,206.8316650390625,207.15692138671875,208.7331085205078,211.2281036376953,221.34336853027344,221.7415771484375,221.78871154785156,222.12701416015625,224.40350341796875,225.02821350097656,227.64666748046875,231.9847412109375,232.87246704101562,235.70831298828125,235.72369384765625,236.2600555419922,
1539,280,1,4.4244704246521,228.62193298339844,246.53387451171875,259.1633605957031,272.8923034667969,289.2049865722656,290.3204345703125,295.7577209472656,301.5841369628906,309.4353332519531,309.50250244140625,313.283203125,315.8918151855469,317.8060302734375,318.2898864746094,323.6727600097656,324.6951599121094,325.42767333984375,332.1026916503906,337.5696105957031,337.57177734375,346.5618591308594,347.6273498535156,352.45947265625,356.7715148925781,361.1533203125,362.3075256347656,367.3603210449219,368.1184997558594,368.9802551269531,369.1698913574219,371.0340881347656,374.99334716796875,376.07635498046875,379.1225891113281,380.5066833496094,382.7720947265625,385.26531982421875,392.5421142578125,393.49981689453125,394.1528625488281,396.04998779296875,397.3951416015625,397.5384521484375,397.8294982910156,398.601806640625,400.5987548828125,405.0365295410156,407.0353698730469,410.70465087890625,
1551,297,1,1.877677321434021,198.48562622070312,225.56716918945312,226.42689514160156,227.73162841796875,242.061279296875,249.3721466064453,252.63461303710938,255.81588745117188,258.9256896972656,260.34246826171875,268.8338928222656,271.781005859375,274.03594970703125,274.7635498046875,275.5042419433594,276.6423034667969,277.513427734375,277.83953857421875,283.7381896972656,287.3256530761719,287.4232482910156,287.616943359375,290.5504150390625,293.0959167480469,294.06500244140625,294.8550720214844,296.0316467285156,298.2731018066406,298.8161926269531,298.82757568359375,298.9309997558594,303.1783752441406,303.6073303222656,304.4674987792969,306.2591247558594,306.8959045410156,307.4500732421875,307.6353759765625,310.42730712890625,310.5974426269531,311.4609375,313.45562744140625,313.55096435546875,313.5799255371094,316.0069274902344,317.3656921386719,317.5697937011719,318.03997802734375,319.0940246582031,
1567,292,1,3.249056339263916,85.71842193603516,148.18212890625,155.4531707763672,164.79248046875,170.24453735351562,176.8958282470703,177.55831909179688,180.2117919921875,189.2821502685547,204.1166534423828,222.03750610351562,228.39846801757812,229.59555053710938,237.8350067138672,239.2119140625,239.35122680664062,240.1256561279297,240.95545959472656,241.7733612060547,241.82516479492188,245.1164093017578,246.3696746826172,247.74952697753906,249.2426300048828,250.70355224609375,251.66783142089844,254.0830078125,254.9610595703125,255.85508728027344,259.78814697265625,261.10101318359375,263.5579528808594,267.3014221191406,267.93450927734375,269.3500061035156,269.8390197753906,269.9180908203125,270.0049743652344,270.85540771484375,273.17822265625,273.37957763671875,273.9981384277344,280.85736083984375,283.0791931152344,284.2665100097656,284.72833251953125,285.4857177734375,285.5836486816406,287.045654296875,
1597,288,1,3.9639198780059814,214.27279663085938,216.60943603515625,262.8762512207031,265.26873779296875,267.2129211425781,277.09307861328125,292.2796325683594,294.916259765625,305.7080993652344,308.042724609375,308.43292236328125,309.6720275878906,316.54425048828125,317.89111328125,322.34912109375,324.66143798828125,326.609130859375,328.6928405761719,331.3575134277344,333.24664306640625,337.3531799316406,337.97015380859375,338.743408203125,344.0335388183594,344.1033630371094,344.58148193359375,345.1940002441406,348.23333740234375,348.7974853515625,349.0073547363281,350.5647888183594,351.25927734375,353.8363952636719,356.37945556640625,356.51837158203125,357.8065185546875,357.8369140625,359.01910400390625,360.8374938964844,366.24688720703125,366.4664611816406,369.91326904296875,371.0901184082031,372.9781799316406,373.3248596191406,373.98760986328125,375.0141906738281,375.1896057128906,376.9012756347656,
806,19,1,28.471960067749023,125.57768249511719,141.08010864257812,150.79002380371094,152.0724639892578,168.22401428222656,168.92620849609375,175.52549743652344,191.65122985839844,192.62083435058594,194.54769897460938,195.59326171875,199.5503692626953,201.19369506835938,201.8729705810547,206.10104370117188,209.60247802734375,210.99655151367188,216.10415649414062,216.60304260253906,217.7405242919922,221.46817016601562,223.4175567626953,223.54148864746094,225.4395751953125,227.54815673828125,227.9541015625,228.41506958007812,233.9355926513672,234.21505737304688,235.04942321777344,237.6172637939453,240.20811462402344,241.5585479736328,245.7281494140625,245.79458618164062,246.03004455566406,246.0846710205078,246.33319091796875,247.85374450683594,247.95480346679688,249.97940063476562,250.83743286132812,252.06524658203125,252.21792602539062,252.31222534179688,256.9256896972656,258.32562255859375,258.4943542480469,258.81689453125,
943,20,1,28.67255973815918,111.32465362548828,118.37899017333984,130.90296936035156,140.14639282226562,148.60397338867188,149.52085876464844,152.08425903320312,158.84764099121094,161.41229248046875,166.47337341308594,168.90478515625,172.95855712890625,174.6998748779297,176.8021240234375,183.23159790039062,184.65719604492188,189.48057556152344,190.11859130859375,191.73202514648438,192.12855529785156,194.93954467773438,195.23873901367188,196.57962036132812,196.9138641357422,198.64056396484375,200.97952270507812,205.68789672851562,206.01248168945312,206.2906951904297,209.07801818847656,209.0986785888672,211.0106201171875,212.51461791992188,213.84254455566406,214.66848754882812,215.178466796875,215.36868286132812,215.491455078125,217.6227264404297,218.3120574951172,218.64480590820312,220.09046936035156,220.23777770996094,221.18453979492188,222.30020141601562,225.375732421875,228.51698303222656,228.93209838867188,229.6323699951172,
1057,252,1,3.9001686573028564,90.79389190673828,112.27925872802734,116.09803771972656,148.077880859375,154.1123504638672,156.1112060546875,157.2672119140625,161.91783142089844,163.487060546875,170.9324951171875,171.54617309570312,174.8094024658203,181.35824584960938,181.63372802734375,183.90003967285156,184.1207275390625,188.49147033691406,190.3807830810547,193.78121948242188,194.7290802001953,196.54222106933594,197.58750915527344,198.9813232421875,202.24386596679688,203.1055450439453,205.8217315673828,211.3330078125,212.76658630371094,216.0858917236328,217.95010375976562,222.7971649169922,223.01312255859375,224.590087890625,224.80877685546875,224.91769409179688,226.67991638183594,227.79196166992188,230.2976531982422,231.65945434570312,231.8404083251953,236.34364318847656,237.1736297607422,238.35057067871094,241.13973999023438,242.17657470703125,243.10951232910156,243.9942626953125,248.69386291503906,250.51913452148438,
1301,297,1,3.839160680770874,169.40255737304688,189.95062255859375,191.64425659179688,198.00828552246094,213.9526824951172,223.68606567382812,230.09263610839844,232.04843139648438,244.9777069091797,260.12628173828125,268.2188415527344,269.8115234375,272.2930603027344,274.1740417480469,282.0720520019531,284.54119873046875,290.4161071777344,297.2172546386719,297.3711853027344,304.05084228515625,304.4251403808594,306.5779724121094,308.185302734375,309.1918640136719,312.3803405761719,315.7935485839844,317.43243408203125,319.3229064941406,320.8157958984375,322.0667419433594,326.14788818359375,328.23651123046875,331.80908203125,333.4122314453125,334.7129821777344,339.1356506347656,340.7526550292969,341.7886047363281,342.1732177734375,344.42791748046875,347.97308349609375,348.75396728515625,353.04803466796875,353.9740905761719,354.0294494628906,354.2796936035156,354.5955810546875,356.1058349609375,356.1895446777344,
1081,320,1,2.2676780223846436,70.9612045288086,85.2910385131836,89.68693542480469,94.08414459228516,95.0849609375,98.04634857177734,99.84715270996094,104.4698715209961,115.51858520507812,115.9893569946289,118.64948272705078,123.31271362304688,123.84163665771484,123.94126892089844,128.72079467773438,129.3001708984375,130.75440979003906,132.92201232910156,132.92446899414062,134.5189666748047,134.56092834472656,137.49810791015625,140.26426696777344,141.2200927734375,142.40682983398438,142.5219268798828,143.6505584716797,144.3418426513672,146.4502716064453,149.39035034179688,154.6775665283203,155.1012725830078,157.86219787597656,158.09854125976562,158.22161865234375,159.40711975097656,160.20823669433594,160.90457153320312,162.2185516357422,163.4488983154297,164.1974334716797,168.64007568359375,169.61993408203125,171.1905517578125,171.2388153076172,172.28482055664062,175.87109375,176.36160278320312,176.9571990966797,
106,316,1,3.133767604827881,161.50881958007812,174.39308166503906,198.66415405273438,249.6512908935547,258.98309326171875,266.5323791503906,272.4720458984375,292.7337951660156,296.4778137207031,298.75701904296875,313.6243896484375,322.2340393066406,323.3915710449219,341.8022766113281,354.62579345703125,355.762451171875,367.4787292480469,368.183349609375,368.80548095703125,372.1608581542969,372.865478515625,379.69537353515625,380.6582946777344,383.733642578125,385.9286193847656,386.65350341796875,387.4973449707031,389.01959228515625,390.4327087402344,391.7690124511719,397.36663818359375,400.73931884765625,401.69305419921875,403.993408203125,407.7545166015625,411.1126403808594,411.4718933105469,414.4836120605469,417.2257995605469,418.2799377441406,419.189208984375,419.52874755859375,419.7015380859375,424.2447509765625,424.6188049316406,425.2005920410156,425.2157897949219,425.4432373046875,427.7818908691406,
964,254,1,0.9663392305374146,21.762441635131836,31.474550247192383,33.287410736083984,39.9235725402832,43.181182861328125,56.34455871582031,59.84189224243164,75.14080810546875,86.91731262207031,91.310546875,96.34471130371094,101.2490234375,101.70774841308594,110.10303497314453,112.0038070678711,118.47132110595703,119.02840423583984,124.0101547241211,125.36997985839844,126.20088958740234,127.74658203125,128.5003662109375,129.8646697998047,130.99549865722656,137.23182678222656,137.4802703857422,139.01345825195312,145.9576416015625,149.56813049316406,150.8870391845703,151.26971435546875,152.58091735839844,153.3839874267578,157.38462829589844,161.77989196777344,165.37022399902344,165.74725341796875,169.22605895996094,169.2642059326172,169.45068359375,169.6783905029297,169.946044921875,171.60232543945312,173.65614318847656,174.03350830078125,179.2084197998047,180.25332641601562,181.95130920410156,182.2528839111328,
353,31,1,41.13250732421875,122.36957550048828,133.61962890625,166.81092834472656,166.95816040039062,168.3041229248047,198.17674255371094,205.3079071044922,209.76052856445312,210.95578002929688,211.3957977294922,214.5360107421875,214.5567169189453,217.20375061035156,219.1611328125,227.69923400878906,229.3981475830078,231.32810974121094,232.77760314941406,236.76747131347656,239.75637817382812,241.03662109375,244.9789581298828,245.41036987304688,250.06008911132812,255.71292114257812,258.7705993652344,259.39642333984375,259.9442138671875,261.7899475097656,262.5638732910156,263.3018493652344,263.41278076171875,264.8155822753906,266.113525390625,268.1394348144531,269.4820251464844,269.5169982910156,272.3135681152344,272.9241027832031,275.43548583984375,276.1344909667969,276.6167907714844,280.61724853515625,282.54132080078125,282.5998229980469,284.0772705078125,285.72467041015625,286.13348388671875,286.3716735839844,
1374,298,1,5.338399887084961,213.67965698242188,227.43931579589844,231.27174377441406,297.1978759765625,306.12799072265625,308.8026123046875,335.9485168457031,350.3183898925781,362.7870788574219,367.74993896484375,369.50494384765625,377.1529541015625,379.5340881347656,389.45916748046875,394.4807434082031,410.34967041015625,414.26007080078125,414.3686218261719,421.84954833984375,422.3647766113281,436.1058654785156,442.5697326660156,451.94683837890625,453.0691833496094,453.1682434082031,455.8725891113281,471.43426513671875,481.77716064453125,482.5491638183594,488.9743957519531,489.90338134765625,492.908203125,500.5314636230469,501.36334228515625,506.105224609375,507.14556884765625,514.080322265625,514.1882934570312,517.2879028320312,517.6273193359375,518.6603393554688,524.7338256835938,548.7830810546875,553.164306640625,553.1810302734375,559.506103515625,561.8612670898438,564.4600830078125,576.3604736328125,
463,194,1,3.412970542907715,84.66311645507812,109.11611938476562,116.39669799804688,123.39712524414062,149.64967346191406,174.92901611328125,175.04884338378906,177.69924926757812,186.48915100097656,199.6598358154297,204.2171630859375,204.89305114746094,204.97900390625,215.1819305419922,216.4988555908203,217.6259002685547,222.5767822265625,229.5015411376953,230.80455017089844,232.35482788085938,235.84632873535156,237.8492431640625,240.22853088378906,241.7957305908203,242.45652770996094,243.0457000732422,248.31942749023438,249.79248046875,249.90663146972656,252.09434509277344,252.9232177734375,260.184326171875,261.6324462890625,262.4128723144531,266.45794677734375,267.98175048828125,269.1330871582031,271.6872253417969,273.7672424316406,274.5081481933594,275.02423095703125,275.6535949707031,278.31097412109375,278.6746520996094,279.9048767089844,282.64892578125,283.36285400390625,284.1217956542969,284.4793395996094,
590,192,1,1.5747427940368652,32.60137176513672,69.38462829589844,93.9158706665039,147.01705932617188,158.55831909179688,167.89614868164062,176.16574096679688,187.93824768066406,190.75765991210938,199.0914306640625,200.86122131347656,201.52655029296875,206.0453643798828,214.99191284179688,217.096923828125,226.72659301757812,228.6005859375,229.9917755126953,240.24037170410156,244.8880615234375,254.14195251464844,258.1639404296875,258.5182800292969,260.06756591796875,262.3384704589844,262.37890625,263.80029296875,265.1192932128906,265.35467529296875,267.5769348144531,268.87060546875,270.0699768066406,270.2594909667969,272.7984619140625,273.64971923828125,276.54339599609375,276.7055969238281,283.1414489746094,283.3680725097656,285.4543151855469,287.27838134765625,287.4346618652344,287.83416748046875,289.22332763671875,292.67706298828125,293.1977233886719,295.61224365234375,296.6187438964844,296.8587646484375,
1391,293,1,1.246617078781128,227.81053161621094,237.70166015625,245.5662841796875,268.2569580078125,280.6359558105469,285.2602233886719,290.91802978515625,304.378662109375,305.93975830078125,319.1629333496094,340.33966064453125,341.9911804199219,343.36773681640625,344.22357177734375,344.3556213378906,349.353271484375,357.41778564453125,379.31927490234375,381.3774719238281,398.2079162597656,401.720947265625,405.8706970214844,408.3641357421875,408.92193603515625,413.4413757324219,420.18682861328125,423.3230285644531,426.4355163574219,427.7157897949219,429.59356689453125,432.2728271484375,434.6614685058594,435.2670593261719,438.3530578613281,438.834228515625,443.55157470703125,446.01617431640625,446.04693603515625,451.5398864746094,455.6471862792969,457.3287658691406,457.79345703125,461.0475158691406,466.0936584472656,470.7353515625,471.7370910644531,472.39874267578125,473.33935546875,474.63677978515625,
262,216,1,19.535226821899414,134.60366821289062,159.35562133789062,165.30886840820312,167.10055541992188,177.4346466064453,177.775390625,179.6918182373047,193.7818145751953,201.26075744628906,204.5757293701172,208.36192321777344,208.83702087402344,220.00765991210938,221.04959106445312,221.9055938720703,222.16543579101562,223.2705841064453,227.84259033203125,228.3770751953125,231.1591033935547,233.7432403564453,234.8085174560547,237.95091247558594,239.94529724121094,240.4196014404297,246.10382080078125,246.3607940673828,248.73997497558594,249.66954040527344,250.02447509765625,250.5403594970703,252.87747192382812,254.94598388671875,255.27696228027344,256.5210266113281,256.7594909667969,258.22186279296875,259.70159912109375,261.6544494628906,261.9452209472656,262.8447265625,263.14373779296875,263.23712158203125,269.1397399902344,273.0630187988281,273.56768798828125,275.0734558105469,276.0411682128906,276.34344482421875,
428,198,1,8.38691520690918,15.90361499786377,93.42206573486328,98.66307067871094,104.72926330566406,108.81023406982422,123.21963500976562,132.8438720703125,135.41786193847656,135.65350341796875,136.37451171875,143.75692749023438,144.2574462890625,150.8953399658203,151.37062072753906,158.85501098632812,159.75149536132812,161.33509826660156,164.27630615234375,166.84461975097656,167.39537048339844,168.35946655273438,169.2394256591797,172.5375213623047,175.38177490234375,176.19869995117188,176.9845733642578,177.686279296875,178.26315307617188,179.87339782714844,180.22747802734375,180.28408813476562,180.4504852294922,180.88388061523438,181.31272888183594,181.3325958251953,182.38546752929688,182.42807006835938,189.64578247070312,190.18746948242188,190.28395080566406,192.75511169433594,193.4591827392578,193.56524658203125,195.14968872070312,195.6975555419922,195.73593139648438,195.74566650390625,195.78025817871094,197.65342712402344,
1618,295,1,8.062495231628418,161.25608825683594,177.93075561523438,181.5509490966797,181.95677185058594,182.91221618652344,222.10206604003906,223.93408203125,247.39158630371094,259.3714599609375,267.99847412109375,292.0553283691406,300.67108154296875,306.46905517578125,310.37701416015625,344.2151184082031,348.5906066894531,360.0673828125,365.05706787109375,366.01947021484375,380.0816345214844,384.16204833984375,387.0550231933594,389.9754943847656,390.0713195800781,394.9671630859375,419.24066162109375,419.99957275390625,433.7486877441406,435.3395690917969,435.4901428222656,439.7091064453125,443.53314208984375,443.9609375,447.5080871582031,461.1899108886719,461.832763671875,462.8113098144531,467.99700927734375,469.9692077636719,476.7657775878906,482.8797302246094,483.6794128417969,487.0314636230469,489.25823974609375,493.09771728515625,493.6451110839844,497.8625183105469,498.7130432128906,501.9444274902344,
1064,248,1,3.2987818717956543,155.1337127685547,164.98426818847656,181.4132843017578,189.3182373046875,200.67034912109375,203.6631317138672,204.95074462890625,205.32415771484375,205.80335998535156,206.83180236816406,212.64453125,214.29580688476562,215.96011352539062,217.95213317871094,217.95635986328125,223.28268432617188,223.34439086914062,224.24647521972656,226.11744689941406,227.44070434570312,230.03041076660156,230.3438262939453,230.74752807617188,231.37184143066406,232.13844299316406,232.7390899658203,234.26422119140625,234.39527893066406,235.34820556640625,235.68063354492188,237.13101196289062,238.5555419921875,238.5745849609375,239.382080078125,241.7706298828125,241.7996368408203,242.23826599121094,243.0511932373047,246.08460998535156,246.10072326660156,246.6636505126953,247.78131103515625,248.1431427001953,248.57803344726562,248.69635009765625,249.0045623779297,249.1140594482422,252.56100463867188,253.28387451171875,
1706,290,1,1.933492660522461,160.6744842529297,188.28662109375,213.95433044433594,251.45352172851562,307.5377502441406,322.63262939453125,324.3494873046875,333.1783142089844,336.4840393066406,336.52459716796875,339.3500671386719,341.8099060058594,348.46539306640625,350.26739501953125,352.8787841796875,355.0231018066406,356.4203796386719,358.28350830078125,359.28338623046875,362.4552001953125,364.6535339355469,367.873046875,370.2820739746094,370.6263732910156,371.3841857910156,371.71282958984375,376.45086669921875,385.67523193359375,385.7543640136719,387.8258361816406,388.5201110839844,390.5436706542969,392.5253601074219,392.81890869140625,398.54217529296875,401.37286376953125,401.8637390136719,405.047607421875,405.0986633300781,407.2707824707031,414.5304260253906,418.9071350097656,423.13018798828125,423.88232421875,429.1451110839844,432.21575927734375,432.55670166015625,434.0028076171875,435.73211669921875,
342,31,1,35.46061706542969,256.9891662597656,263.0359191894531,268.84075927734375,278.7669982910156,291.271484375,296.6091003417969,301.468017578125,305.7481689453125,306.5174255371094,308.2487487792969,321.3263244628906,327.77362060546875,328.1061096191406,328.7699279785156,336.42352294921875,337.7731628417969,338.6459045410156,341.1453552246094,341.1551208496094,343.74029541015625,348.8013916015625,351.130859375,354.6670837402344,356.29144287109375,356.69696044921875,361.0320739746094,362.85546875,370.4275207519531,372.77099609375,375.4364929199219,375.43804931640625,376.1917419433594,382.0955810546875,384.39044189453125,388.5544128417969,391.62860107421875,392.9418029785156,394.9815673828125,395.0292053222656,395.4728698730469,396.6681213378906,402.3771667480469,402.9821472167969,404.1319885253906,408.01617431640625,410.83355712890625,410.9781494140625,411.9593200683594,415.5970764160156,
1409,289,1,1.9166072607040405,164.7274932861328,228.8693389892578,229.83279418945312,284.36865234375,289.2767639160156,333.8012390136719,354.4350280761719,366.58245849609375,370.30902099609375,371.35675048828125,375.898681640625,379.7335510253906,384.7452087402344,386.59454345703125,388.1450500488281,403.5620422363281,405.1004943847656,408.50079345703125,416.4120178222656,417.4787902832031,419.0657958984375,422.34259033203125,427.3084716796875,432.3587951660156,434.6142883300781,436.0650634765625,439.087890625,441.6773376464844,442.7820129394531,447.8501892089844,450.27734375,451.34747314453125,454.17645263671875,455.8299255371094,456.96942138671875,457.3336181640625,458.88909912109375,461.9015808105469,463.8012390136719,465.80950927734375,466.44091796875,468.3929138183594,469.6903381347656,469.7389831542969,469.824951171875,472.1579895019531,473.70806884765625,474.6947021484375,476.15380859375,
951,235,1,5.117025852203369,90.88813781738281,100.5022201538086,114.43683624267578,158.3060302734375,158.59803771972656,159.1337127685547,159.79209899902344,161.19395446777344,179.6596221923828,187.09864807128906,194.2216339111328,194.5972900390625,198.4970703125,201.41246032714844,203.03675842285156,205.1920623779297,206.99600219726562,208.72901916503906,210.32313537597656,210.8953399658203,211.26864624023438,218.502685546875,223.30511474609375,225.29824829101562,225.950439453125,230.0765380859375,233.3690643310547,235.04734802246094,238.3791046142578,238.73257446289062,242.71009826660156,248.4134063720703,249.608642578125,250.6207275390625,252.94273376464844,255.1692352294922,257.9853515625,258.7749938964844,270.0257263183594,272.3346862792969,273.23175048828125,274.61065673828125,275.4669189453125,280.404296875,281.69683837890625,285.4210205078125,290.601806640625,294.1514587402344,295.319091796875,
405,192,1,2.8194761276245117,150.04315185546875,190.02972412109375,200.0068817138672,218.46873474121094,222.7027587890625,223.90126037597656,229.33018493652344,233.87252807617188,237.4009246826172,244.20132446289062,250.79275512695312,251.37428283691406,255.6035919189453,255.62652587890625,257.9524841308594,258.56170654296875,259.3756103515625,263.1899719238281,267.2998962402344,269.45361328125,273.622314453125,275.0439147949219,276.2807922363281,280.8821105957031,284.0592041015625,290.6071472167969,291.19500732421875,294.26409912109375,296.4655456542969,297.3550720214844,302.12744140625,306.4020690917969,308.1493225097656,309.2301330566406,312.33868408203125,314.2488708496094,314.5914001464844,315.8111877441406,317.22515869140625,317.39678955078125,319.797119140625,321.2054748535156,322.27935791015625,323.85577392578125,328.6614685058594,328.8245544433594,333.7570495605469,336.03094482421875,338.86956787109375,
621,197,1,6.574906826019287,103.47355651855469,143.40972900390625,164.44493103027344,177.43849182128906,202.3285369873047,207.49459838867188,209.8224639892578,218.4694061279297,218.93789672851562,221.431884765625,226.57421875,232.61212158203125,233.099365234375,245.97447204589844,246.4130859375,246.8939666748047,249.30316162109375,251.65982055664062,251.70741271972656,252.2195281982422,253.66868591308594,253.82884216308594,253.97869873046875,255.02647399902344,257.6604309082031,258.3819885253906,258.60137939453125,262.33062744140625,262.5054931640625,262.734130859375,262.8492736816406,267.1180419921875,270.24462890625,273.4140319824219,275.7851867675781,276.0072937011719,279.74151611328125,287.73193359375,290.13031005859375,291.13836669921875,291.8703918457031,293.39337158203125,294.64825439453125,296.97906494140625,302.96380615234375,303.30584716796875,305.0273742675781,307.8974914550781,309.76226806640625,
1575,282,1,3.1176960468292236,331.5495910644531,356.94287109375,359.6534118652344,363.5894775390625,376.73724365234375,377.24798583984375,383.3525390625,389.35784912109375,410.0246276855469,413.58624267578125,441.27044677734375,443.2166748046875,445.80706787109375,447.5469055175781,453.6551208496094,454.561279296875,454.6744079589844,454.9525451660156,457.11077880859375,459.1679382324219,460.9512939453125,461.8580017089844,462.4264221191406,472.97357177734375,473.2115173339844,474.3673400878906,475.9181823730469,476.04364013671875,478.8131408691406,479.4739990234375,479.79046630859375,480.27789306640625,480.30694580078125,489.08209228515625,489.3818054199219,491.49658203125,494.304931640625,494.40283203125,497.108642578125,498.00238037109375,500.1927795410156,500.8187255859375,500.9278869628906,501.2768859863281,507.06536865234375,508.6307678222656,509.9559326171875,514.2485961914062,514.862060546875,
1340,294,1,6.899765968322754,92.2657470703125,144.98411560058594,214.83982849121094,217.042236328125,218.81280517578125,229.08558654785156,247.00503540039062,251.40736389160156,254.3434295654297,255.6012725830078,265.299072265625,271.30035400390625,274.35589599609375,279.00177001953125,284.4329833984375,301.1908874511719,314.61419677734375,318.0251159667969,327.6061096191406,330.931640625,334.4208068847656,351.7295227050781,355.1414794921875,370.8105163574219,377.0209655761719,378.1175537109375,378.829833984375,378.96435546875,384.7143859863281,385.204345703125,385.3022155761719,388.5496520996094,392.7727966308594,393.60107421875,393.7489318847656,393.96484375,396.8834533691406,400.0606384277344,412.2649841308594,414.0475769042969,414.9498291015625,415.54193115234375,416.0755920410156,425.05487060546875,428.11669921875,431.364013671875,433.34747314453125,433.716064453125,434.88214111328125,
616,197,1,6.228954792022705,160.11753845214844,175.84564208984375,183.76605224609375,184.15023803710938,186.63938903808594,195.8948211669922,199.56504821777344,202.47064208984375,205.5468292236328,206.3597869873047,207.5498809814453,208.6028594970703,208.94778442382812,209.1315155029297,209.42115783691406,213.0689697265625,220.395263671875,222.53558349609375,223.5142364501953,223.97251892089844,224.6084747314453,229.69886779785156,232.18348693847656,234.73220825195312,235.48956298828125,237.73641967773438,238.25570678710938,239.89520263671875,241.804931640625,242.6320037841797,247.00265502929688,249.1973876953125,250.51089477539062,250.5289764404297,251.35409545898438,254.7638397216797,255.3916778564453,257.0216064453125,257.26861572265625,257.3814392089844,257.3849792480469,258.28570556640625,263.5478820800781,265.0035095214844,266.0068359375,268.45623779296875,269.4515686035156,269.6209716796875,269.9783630371094,
1356,296,1,2.5458195209503174,172.8835906982422,215.29473876953125,220.60671997070312,236.85646057128906,247.75982666015625,254.95591735839844,257.0858459472656,257.7672424316406,264.2381591796875,268.078369140625,268.13482666015625,273.95831298828125,274.77764892578125,278.9393615722656,295.2216491699219,295.684326171875,297.7049865722656,301.6979064941406,309.0152587890625,317.567138671875,323.1873474121094,324.61962890625,335.1917724609375,339.0284729003906,345.60198974609375,345.67529296875,346.0604248046875,351.3586120605469,352.316162109375,353.6522216796875,355.9609680175781,364.2413635253906,365.3778076171875,365.7013854980469,366.363037109375,369.1592712402344,369.28448486328125,374.80267333984375,375.6466064453125,378.38543701171875,380.9141540527344,382.6627197265625,383.21612548828125,383.7059326171875,387.990234375,396.49920654296875,400.4164123535156,401.2280578613281,407.805908203125,
1578,280,1,3.3393120765686035,31.01536750793457,159.2889404296875,167.57745361328125,169.65574645996094,178.6659393310547,179.736328125,188.552490234375,190.34518432617188,192.62857055664062,211.82928466796875,219.2815399169922,226.1337432861328,230.09400939941406,231.79147338867188,233.01963806152344,235.28970336914062,238.8055877685547,238.81687927246094,249.82249450683594,250.3990936279297,254.02122497558594,259.48944091796875,260.1446228027344,261.89031982421875,263.9483947753906,264.9136657714844,268.8587951660156,272.3019714355469,272.5527038574219,272.9253845214844,277.19989013671875,277.5052490234375,278.1788024902344,279.21429443359375,288.716064453125,291.658935546875,295.1572265625,295.5824890136719,296.86029052734375,297.03839111328125,298.8370361328125,299.2567443847656,300.3031921386719,303.1722412109375,304.1875915527344,304.9923095703125,305.4335632324219,305.8547668457031,309.3040466308594,
384,196,1,7.085486888885498,111.78430938720703,129.42738342285156,163.95985412597656,165.3821258544922,172.08731079101562,173.79473876953125,175.33592224121094,180.5606231689453,189.59393310546875,191.84384155273438,196.05294799804688,196.50082397460938,198.03289794921875,199.2220916748047,201.53065490722656,203.94100952148438,204.1389923095703,206.1020050048828,209.0470733642578,211.6647491455078,217.0371856689453,221.40090942382812,223.10882568359375,225.4163055419922,226.86346435546875,228.70018005371094,233.19288635253906,235.442138671875,235.5451202392578,239.60443115234375,240.26171875,241.67642211914062,243.9969940185547,244.48414611816406,248.36056518554688,250.0231170654297,250.19178771972656,250.70626831054688,251.331787109375,252.2661895751953,254.90113830566406,260.490478515625,265.72894287109375,266.0802307128906,266.59765625,268.4293518066406,272.3229675292969,272.7893371582031,273.94171142578125,
1714,288,1,2.5813591480255127,124.23677825927734,143.3829345703125,151.5748748779297,154.5879669189453,160.69338989257812,189.66200256347656,195.462890625,200.10374450683594,201.2434844970703,203.21595764160156,203.60218811035156,207.70074462890625,209.841064453125,210.92286682128906,212.03961181640625,214.9049072265625,217.6844940185547,221.40736389160156,223.7443084716797,225.3609161376953,231.0922088623047,233.72239685058594,235.56614685058594,236.06289672851562,239.37698364257812,244.22955322265625,245.7444610595703,247.54611206054688,248.2080841064453,251.95387268066406,253.86785888671875,256.8092956542969,265.3487243652344,265.41839599609375,265.4706726074219,267.5655822753906,268.8623352050781,273.96337890625,274.0026550292969,275.895751953125,276.4657897949219,276.97344970703125,279.23138427734375,280.04425048828125,280.6360168457031,284.9273376464844,286.91314697265625,289.2083740234375,289.7113952636719,
228,225,1,1.2791441679000854,75.06401062011719,78.6683120727539,89.04292297363281,99.58313751220703,99.89019012451172,109.36224365234375,109.86296844482422,111.70489501953125,116.8411865234375,121.71967315673828,123.902587890625,127.51801300048828,128.33143615722656,128.87136840820312,131.9970245361328,134.68487548828125,136.01344299316406,137.54393005371094,141.0609893798828,144.7763214111328,145.6218719482422,153.5175323486328,156.21188354492188,157.28811645507812,158.6970977783203,160.06607055664062,161.8331298828125,163.98043823242188,164.2522430419922,167.04083251953125,167.0719757080078,167.69644165039062,167.8187713623047,168.18072509765625,169.6763916015625,172.00733947753906,175.18301391601562,177.32406616210938,179.96319580078125,185.41590881347656,187.2964630126953,188.0969696044922,193.03912353515625,194.2046661376953,195.88978576660156,197.00436401367188,197.3826446533203,198.61268615722656,200.36801147460938,
499,272,1,4.449801445007324,140.76800537109375,188.43731689453125,227.30697631835938,250.46470642089844,268.3922424316406,269.11090087890625,273.33233642578125,296.97003173828125,302.9940490722656,320.2059020996094,321.7978820800781,327.3109436035156,335.8554382324219,338.68280029296875,343.2089538574219,349.43994140625,350.4264831542969,364.4887390136719,368.351318359375,370.7686767578125,373.4901123046875,373.59295654296875,380.3648681640625,382.7191467285156,383.0732116699219,384.27484130859375,386.1311950683594,387.42999267578125,387.5978698730469,387.6712951660156,391.206787109375,393.7997131347656,395.1873474121094,402.4640197753906,403.2044677734375,404.7655944824219,404.86688232421875,406.4257507324219,406.5472717285156,407.76239013671875,408.40191650390625,408.59222412109375,412.21636962890625,412.4011535644531,412.6941223144531,415.01129150390625,415.6861267089844,416.480712890625,419.95269775390625,
973,246,1,4.346426486968994,61.72041702270508,82.43355560302734,94.82782745361328,94.83602142333984,109.29655456542969,131.0631561279297,137.6561737060547,138.46792602539062,144.7755126953125,145.3974609375,149.31765747070312,160.140380859375,161.41958618164062,162.47352600097656,163.45692443847656,163.83033752441406,164.10325622558594,170.60357666015625,174.28565979003906,175.80032348632812,185.69882202148438,189.462646484375,191.15724182128906,191.25094604492188,198.01295471191406,199.01258850097656,201.6657257080078,204.32595825195312,204.58477783203125,205.99180603027344,207.13784790039062,208.12078857421875,208.7787322998047,211.70225524902344,212.8751983642578,213.57325744628906,213.60977172851562,213.67153930664062,216.49252319335938,216.7380828857422,219.57688903808594,221.49664306640625,223.01902770996094,223.58009338378906,223.87478637695312,224.82289123535156,228.4879913330078,230.52163696289062,231.2384490966797,
814,19,1,31.398433685302734,134.2303009033203,135.6775665283203,150.68252563476562,152.46072387695312,165.41824340820312,171.54872131347656,176.8339080810547,186.70361328125,191.73666381835938,193.01109313964844,203.51449584960938,207.29127502441406,208.12623596191406,209.38693237304688,213.3596954345703,216.70167541503906,219.97593688964844,221.99600219726562,223.0850830078125,223.1320037841797,223.13204956054688,223.79690551757812,228.17315673828125,229.57003784179688,234.0146484375,234.5978546142578,235.37857055664062,240.54644775390625,250.2125244140625,251.31256103515625,255.51715087890625,256.2058410644531,256.79180908203125,258.3828125,267.4706726074219,268.0982666015625,275.0918273925781,275.3233642578125,276.22900390625,276.97210693359375,277.02947998046875,277.8639831542969,278.5574035644531,278.59722900390625,282.5531921386719,284.0937805175781,284.3643798828125,287.0389404296875,287.3715515136719,
855,18,1,30.295820236206055,106.37134552001953,132.3511199951172,133.86549377441406,155.66868591308594,157.5684051513672,157.98486328125,178.78701782226562,191.25282287597656,191.3163604736328,205.79147338867188,212.00997924804688,213.3892059326172,217.82398986816406,224.19769287109375,227.58323669433594,235.279296875,236.32066345214844,236.40013122558594,238.16212463378906,240.92527770996094,245.22467041015625,245.94140625,250.3651885986328,251.1265411376953,252.0903778076172,252.8666229248047,253.29331970214844,256.060546875,261.9937744140625,263.4181823730469,270.7101135253906,271.50677490234375,272.73095703125,274.66778564453125,275.1369934082031,278.5682067871094,278.6353759765625,280.1903381347656,280.3835754394531,282.5246276855469,284.0252990722656,285.9671936035156,291.6387939453125,294.742919921875,295.29595947265625,295.4739685058594,295.81292724609375,297.3302917480469,297.7884216308594,
479,191,1,3.531320095062256,122.07496643066406,138.11964416503906,138.61123657226562,142.923095703125,144.6778106689453,145.1417694091797,145.2483673095703,153.29202270507812,159.1455841064453,159.6207733154297,160.9756622314453,163.4106903076172,165.91136169433594,172.65904235839844,175.84268188476562,177.1317138671875,177.95335388183594,178.7154541015625,180.36300659179688,184.2769012451172,188.01904296875,188.57318115234375,189.6717529296875,191.05335998535156,195.9185028076172,196.3560028076172,203.92245483398438,206.33973693847656,206.38804626464844,208.81112670898438,211.8307342529297,212.5306396484375,213.49986267089844,214.1451416015625,217.87464904785156,218.66746520996094,222.3540802001953,222.73086547851562,223.84756469726562,224.29083251953125,226.15916442871094,226.76821899414062,226.84597778320312,228.42840576171875,233.01744079589844,234.07643127441406,240.130615234375,240.4440460205078,240.7631072998047,
1181,266,1,3.943385124206543,113.73575592041016,118.15159606933594,124.81011962890625,129.98619079589844,130.56723022460938,130.77340698242188,135.87278747558594,140.01524353027344,142.0479736328125,142.1019744873047,144.0748748779297,145.51806640625,146.27362060546875,147.15219116210938,148.45938110351562,151.53416442871094,151.93902587890625,152.62376403808594,153.51199340820312,156.76089477539062,159.12765502929688,160.6601104736328,161.588623046875,162.8256378173828,163.34466552734375,166.15476989746094,171.13829040527344,175.96495056152344,175.98468017578125,177.6851348876953,177.8604736328125,178.66656494140625,178.85768127441406,180.68800354003906,182.18482971191406,182.33084106445312,182.71803283691406,182.85372924804688,185.12838745117188,186.56015014648438,187.33737182617188,188.35633850097656,188.48089599609375,188.68711853027344,190.87843322753906,192.05487060546875,192.81753540039062,193.66717529296875,194.0347900390625,
1191,284,1,8.277522087097168,51.93818283081055,76.43385314941406,91.53527069091797,115.72401428222656,116.3058853149414,123.28878784179688,127.02147674560547,131.6668243408203,132.63169860839844,133.6122589111328,136.6780242919922,137.010498046875,137.3102569580078,139.66586303710938,142.7186279296875,143.1416015625,146.87570190429688,147.6140594482422,148.88636779785156,158.3883056640625,161.1901092529297,162.52542114257812,163.55299377441406,163.566162109375,165.3440399169922,165.47361755371094,167.377685546875,172.19187927246094,172.89283752441406,173.3131561279297,173.73544311523438,176.33152770996094,176.6472930908203,178.68692016601562,181.34278869628906,181.979736328125,186.90176391601562,186.9133758544922,187.91238403320312,187.95880126953125,188.13922119140625,189.5124053955078,191.64752197265625,194.7106475830078,195.1234130859375,196.4808807373047,196.70697021484375,197.76620483398438,199.46922302246094,
1040,236,1,5.895888328552246,27.971803665161133,69.4048843383789,75.54293823242188,82.84323120117188,84.89947509765625,85.71395111083984,90.01466369628906,94.07283782958984,95.4581069946289,96.84234619140625,97.83851623535156,101.33866882324219,102.0236587524414,103.00224304199219,108.32466125488281,110.33653259277344,112.19603729248047,113.21056365966797,114.27967071533203,116.21421813964844,116.82281494140625,118.33177185058594,119.59146118164062,124.82462310791016,125.10552978515625,128.38497924804688,129.0800018310547,131.69223022460938,135.2949676513672,135.34078979492188,136.32200622558594,138.10304260253906,138.32533264160156,139.59115600585938,140.15591430664062,144.01353454589844,147.2763214111328,149.3661651611328,149.3673095703125,150.56222534179688,150.6152801513672,152.69773864746094,154.90042114257812,155.0755157470703,158.519775390625,159.97715759277344,161.2880859375,161.59503173828125,166.38494873046875,
575,281,1,5.0526628494262695,149.01377868652344,154.89527893066406,288.3817443847656,335.6889343261719,349.338623046875,355.8786926269531,370.8368225097656,391.6812744140625,419.86053466796875,432.0328674316406,474.2858581542969,487.2420959472656,502.9765625,523.7833862304688,528.031494140625,535.0694580078125,541.2058715820312,544.2324829101562,547.0924072265625,549.1336059570312,552.0761108398438,556.5033569335938,564.590087890625,564.6629638671875,567.4032592773438,581.9718627929688,582.8728637695312,583.2921752929688,583.489013671875,587.4450073242188,591.7054443359375,594.2031860351562,595.4364624023438,598.7976684570312,602.1389770507812,605.884521484375,608.1383056640625,612.3522338867188,619.4686279296875,621.1270751953125,624.5518798828125,624.6055908203125,625.1334228515625,634.816162109375,635.5232543945312,636.6546630859375,637.5094604492188,638.4117431640625,642.6617431640625,
1137,251,1,2.286713123321533,65.43286895751953,75.13504028320312,79.31837463378906,80.22527313232422,88.8350601196289,92.31157684326172,92.90278625488281,93.03749084472656,96.44364166259766,98.50049591064453,104.53458404541016,104.74430084228516,105.2812728881836,105.67424774169922,107.87239837646484,108.94432830810547,110.02133178710938,111.0123291015625,111.69398498535156,113.25685119628906,117.53651428222656,120.40353393554688,124.33805084228516,125.76903533935547,129.21554565429688,129.29319763183594,134.52920532226562,138.9059295654297,141.0557403564453,144.3963165283203,144.79714965820312,145.8898162841797,148.11148071289062,148.22752380371094,148.35189819335938,155.0670928955078,155.09359741210938,155.1578369140625,155.97219848632812,157.78807067871094,158.99391174316406,159.1696319580078,161.77096557617188,161.95587158203125,165.92141723632812,168.2842559814453,170.69223022460938,171.84657287597656,172.2145538330078,
272,236,1,5.326916217803955,158.3096160888672,162.7216033935547,166.85365295410156,170.41546630859375,208.99977111816406,216.1271514892578,224.4032745361328,226.06808471679688,227.8307342529297,228.0229949951172,228.33558654785156,250.2266387939453,252.94354248046875,253.5636749267578,261.58953857421875,263.2896423339844,280.7987365722656,284.0284118652344,288.6305236816406,299.4857482910156,302.2413024902344,306.62408447265625,307.0401611328125,308.8101501464844,309.50762939453125,310.6728515625,312.8837585449219,316.0109558105469,318.65924072265625,319.97711181640625,322.7201843261719,326.413330078125,331.3012390136719,332.3133850097656,335.4228210449219,343.57037353515625,345.08447265625,347.8487854003906,351.9858093261719,352.6874694824219,353.84698486328125,354.825927734375,355.5554504394531,358.1866149902344,360.1846008300781,362.4751281738281,362.9646301269531,363.87359619140625,365.4659118652344,
531,256,1,2.7647876739501953,123.7853012084961,142.48068237304688,174.5810089111328,180.02589416503906,185.3736114501953,192.4258270263672,193.0838165283203,198.8148193359375,212.8440704345703,221.0406494140625,226.30055236816406,229.96035766601562,238.9732666015625,245.97593688964844,278.6941833496094,286.89886474609375,287.12725830078125,287.83050537109375,291.3648376464844,294.4518127441406,294.470703125,296.48419189453125,297.8968200683594,297.9183654785156,298.74456787109375,303.4705810546875,307.546630859375,312.68170166015625,313.4693908691406,313.99029541015625,318.2429504394531,320.1143493652344,321.3421325683594,323.9627685546875,324.0545959472656,334.06451416015625,335.00927734375,337.9980773925781,341.353515625,343.0249328613281,343.26641845703125,343.78900146484375,346.2908630371094,347.2434387207031,347.4753723144531,351.2742919921875,356.20751953125,360.77001953125,362.2046813964844,
370,31,1,23.052635192871094,173.58106994628906,179.96975708007812,183.181396484375,202.3148956298828,214.18165588378906,228.3271942138672,239.69790649414062,239.9125518798828,242.9469757080078,248.52687072753906,261.3547058105469,265.5172119140625,269.728271484375,273.5010070800781,275.4262390136719,279.9456481933594,284.08868408203125,289.0322265625,293.71124267578125,296.0559387207031,298.572021484375,300.77703857421875,301.79376220703125,309.4767150878906,309.7895202636719,310.81671142578125,311.5300598144531,312.6157531738281,312.9770812988281,316.3930969238281,316.47222900390625,316.4861755371094,320.80206298828125,320.8390197753906,321.1458435058594,321.81427001953125,322.3150634765625,328.60260009765625,330.2911682128906,330.46044921875,332.7570495605469,332.77337646484375,332.8002014160156,335.0935363769531,338.765380859375,338.8856506347656,340.5450744628906,342.5176086425781,343.3883056640625,
1582,274,1,5.1699371337890625,221.33787536621094,316.7463684082031,330.1158447265625,367.39678955078125,371.8168029785156,372.97662353515625,379.02410888671875,388.0444641113281,392.73101806640625,400.0125732421875,408.64306640625,411.4701843261719,411.6225280761719,412.8939514160156,413.2570495605469,417.05767822265625,418.089599609375,431.3802795410156,431.66387939453125,432.8870544433594,434.8987731933594,436.45416259765625,437.52239990234375,444.7023620605469,448.80059814453125,450.1744689941406,451.5936279296875,452.9193420410156,457.8689270019531,460.2733154296875,463.1986389160156,468.6442565917969,469.28363037109375,470.97406005859375,475.6397399902344,475.9939880371094,477.9051818847656,479.2071228027344,479.4010009765625,487.996826171875,488.82403564453125,489.02880859375,489.1563415527344,489.42529296875,490.8966064453125,492.43585205078125,492.91595458984375,493.72265625,495.8357849121094,
656,212,1,3.3107352256774902,45.5107536315918,57.0211296081543,72.0303955078125,75.12127685546875,77.84508514404297,79.7056884765625,94.0755615234375,97.6875,101.96356964111328,108.8872299194336,112.57369995117188,114.41081237792969,117.92731475830078,119.50642395019531,123.06415557861328,124.12039947509766,125.99210357666016,128.15872192382812,128.92559814453125,129.03114318847656,130.05165100097656,130.3992919921875,130.97401428222656,131.50709533691406,132.27589416503906,135.94464111328125,136.33103942871094,137.40492248535156,137.76681518554688,144.09718322753906,144.85443115234375,145.86782836914062,146.29698181152344,147.32127380371094,148.16262817382812,151.24017333984375,151.83766174316406,157.0586395263672,157.18008422851562,157.52745056152344,160.3594207763672,161.8085174560547,162.93569946289062,163.28640747070312,163.81524658203125,163.97378540039062,164.0389862060547,164.23582458496094,164.36000061035156,
1110,266,1,2.043794870376587,87.58184814453125,121.30078887939453,122.46528625488281,126.53404235839844,127.4082260131836,128.67825317382812,129.5745391845703,130.07664489746094,130.78768920898438,131.95826721191406,136.86720275878906,139.65206909179688,152.98646545410156,155.98748779296875,158.2732391357422,158.28536987304688,170.0855255126953,170.28665161132812,170.426025390625,172.91094970703125,173.19384765625,176.31808471679688,176.64756774902344,178.25433349609375,179.16526794433594,180.60658264160156,181.12721252441406,186.81683349609375,188.80145263671875,190.48880004882812,190.72369384765625,190.94444274902344,194.84283447265625,195.25979614257812,195.74996948242188,196.12789916992188,196.56173706054688,198.43060302734375,198.69827270507812,202.27810668945312,204.0554962158203,205.49197387695312,206.684326171875,209.0115509033203,210.1099395751953,210.5713653564453,210.8996124267578,211.09840393066406,211.94789123535156,
1287,294,1,4.532352447509766,197.15357971191406,228.39215087890625,252.25015258789062,256.1015625,262.58074951171875,264.6164855957031,270.292236328125,277.92840576171875,281.4560241699219,283.1585693359375,289.8079833984375,292.1921691894531,303.3544006347656,324.21142578125,351.23858642578125,359.15472412109375,365.0071716308594,373.59979248046875,374.474609375,374.6429138183594,383.9960021972656,394.50439453125,395.5361328125,399.6846923828125,400.18035888671875,402.184326171875,412.0033874511719,413.9078063964844,424.2066955566406,424.91259765625,428.490234375,429.611328125,432.1884765625,434.7069396972656,435.3066711425781,443.2342834472656,444.2795715332031,445.5292663574219,446.2618103027344,451.8887939453125,454.59393310546875,458.30682373046875,463.8155822753906,473.9582214355469,479.0184631347656,480.763427734375,483.0324401855469,483.3310241699219,488.63079833984375,
1104,259,1,3.139875888824463,91.18360137939453,94.92311096191406,110.2003173828125,132.36618041992188,134.24868774414062,140.6968536376953,141.6200714111328,141.75856018066406,144.13792419433594,149.14212036132812,150.2025909423828,153.48927307128906,153.73452758789062,157.48703002929688,159.26390075683594,160.8954315185547,160.9890594482422,166.07546997070312,166.4593048095703,170.67276000976562,181.43539428710938,184.13099670410156,186.2888641357422,187.97959899902344,190.70852661132812,192.8509521484375,193.7125701904297,193.7438201904297,194.0844268798828,195.53707885742188,196.27529907226562,198.1638641357422,198.94949340820312,200.1048583984375,200.3561248779297,200.4278564453125,201.66802978515625,201.67965698242188,202.6133270263672,210.05690002441406,213.31903076171875,216.73207092285156,217.6094512939453,218.3151092529297,218.34646606445312,221.50387573242188,221.5626220703125,222.5075225830078,225.8838653564453,
1041,252,1,2.7575929164886475,82.8463134765625,92.4175796508789,100.04222106933594,108.11434936523438,113.27529907226562,122.70344543457031,127.95596313476562,132.44674682617188,137.399658203125,140.33843994140625,143.2615966796875,145.28179931640625,146.8253631591797,147.06341552734375,149.1247100830078,151.401123046875,154.24716186523438,154.27525329589844,155.97914123535156,157.31231689453125,158.4688262939453,164.86231994628906,165.55184936523438,168.2211151123047,169.86178588867188,175.91001892089844,176.8738250732422,178.71102905273438,181.11363220214844,181.6684112548828,181.89292907714844,183.6001739501953,183.900390625,183.9696807861328,185.11244201660156,186.46578979492188,188.32559204101562,188.91259765625,190.3167266845703,192.16734313964844,193.24032592773438,195.9634552001953,197.13783264160156,197.2761993408203,197.34796142578125,199.6153106689453,199.95957946777344,201.1026611328125,201.48165893554688,
643,209,1,4.796168804168701,78.59549713134766,164.4635467529297,223.95977783203125,229.73336791992188,234.94369506835938,249.41383361816406,257.48907470703125,272.71502685546875,288.5733947753906,295.4279479980469,299.2591857910156,300.6445617675781,322.2958068847656,323.8368835449219,327.6300048828125,328.5069885253906,338.8228454589844,340.5870361328125,342.4707946777344,347.37347412109375,349.7389831542969,361.76123046875,365.34320068359375,381.30316162109375,384.2001037597656,389.0205993652344,390.7933349609375,390.922607421875,391.92449951171875,396.4707946777344,399.4319763183594,400.50457763671875,404.6217956542969,405.1329040527344,406.0149841308594,406.1684265136719,406.40814208984375,409.5520324707031,411.071533203125,413.0525207519531,416.0867919921875,418.9849548339844,419.4919128417969,419.52313232421875,420.94573974609375,421.25341796875,424.8405456542969,426.8375549316406,427.1316223144531,
1408,282,1,1.671813726425171,154.76657104492188,172.7522735595703,195.9480438232422,233.73252868652344,272.9593200683594,400.1341247558594,404.0246887207031,415.07745361328125,433.3189392089844,448.6734619140625,472.6485900878906,486.51910400390625,504.5128173828125,529.1724243164062,529.6942138671875,535.2640380859375,536.2442626953125,544.5104370117188,546.0490112304688,547.5238647460938,551.3988647460938,553.1152954101562,555.406005859375,556.638427734375,564.794921875,565.2444458007812,569.2171630859375,571.3546142578125,574.6688232421875,574.7650756835938,575.3080444335938,575.5692138671875,576.9031372070312,580.5548706054688,581.6490478515625,586.3314208984375,586.7979736328125,594.3246459960938,594.8290405273438,595.9073486328125,596.4100952148438,596.51171875,602.71484375,610.5111694335938,616.821044921875,620.9873046875,622.546142578125,624.5556640625,625.1470336914062,
255,52,1,16.296493530273438,67.63158416748047,75.63484191894531,85.99471282958984,92.773681640625,93.84442901611328,94.97225952148438,110.95896911621094,113.11528778076172,121.8355484008789,123.10542297363281,123.77686309814453,125.81967163085938,125.98251342773438,126.81066131591797,127.54600524902344,135.10232543945312,138.8763885498047,139.70379638671875,142.800048828125,143.2373504638672,144.1144561767578,146.88829040527344,149.67532348632812,153.3566131591797,160.09178161621094,160.33583068847656,163.76150512695312,164.37625122070312,164.7763671875,164.81996154785156,165.42677307128906,165.72244262695312,167.9039764404297,169.54986572265625,169.5728302001953,169.9608154296875,170.66693115234375,171.49041748046875,172.37466430664062,174.95901489257812,174.9662322998047,175.4822235107422,176.06988525390625,177.97950744628906,179.57952880859375,180.20596313476562,180.84954833984375,182.5692596435547,182.59231567382812,
676,216,1,5.589084625244141,113.70069885253906,132.03317260742188,182.50897216796875,183.44888305664062,207.03981018066406,218.03245544433594,230.30740356445312,230.880615234375,241.74098205566406,247.18968200683594,250.85614013671875,254.2898406982422,255.4086151123047,255.82608032226562,260.261474609375,260.7589111328125,264.61273193359375,265.0527648925781,270.9685974121094,272.247802734375,274.47833251953125,275.5293884277344,276.2766418457031,278.46295166015625,278.67724609375,283.800537109375,284.20703125,285.2978820800781,285.7414245605469,286.55389404296875,287.34979248046875,288.3954162597656,289.0365905761719,289.0380859375,289.8043518066406,292.33758544921875,292.4485778808594,293.47711181640625,294.709228515625,295.46435546875,295.9842224121094,297.3895568847656,300.0945739746094,300.95599365234375,301.185791015625,301.5113525390625,302.72418212890625,304.2801513671875,305.6340026855469,
524,274,1,3.413996696472168,314.3287048339844,319.72760009765625,327.6451721191406,345.30108642578125,346.4665222167969,349.85650634765625,353.00048828125,356.615478515625,360.8524475097656,371.2729187011719,377.0732421875,382.66033935546875,386.80767822265625,393.4705505371094,395.8448181152344,398.2197265625,403.3363952636719,404.8630065917969,407.11553955078125,411.8634033203125,412.0661926269531,416.521240234375,419.5145263671875,420.5340270996094,420.73162841796875,421.1174621582031,422.0785217285156,425.1656799316406,425.6146545410156,426.9359130859375,433.027587890625,433.6706237792969,434.0482482910156,435.39019775390625,435.4072570800781,435.56036376953125,436.6202392578125,438.3420104980469,440.3832702636719,441.45147705078125,441.9989929199219,445.71514892578125,446.8367004394531,447.78125,451.583740234375,451.73663330078125,451.8408508300781,453.0625305175781,453.8202819824219,
1558,291,1,2.30703067779541,199.9893798828125,202.92578125,256.39898681640625,308.2845153808594,315.6188659667969,321.18597412109375,321.93682861328125,332.6336669921875,351.0123291015625,351.80169677734375,355.37628173828125,356.7990417480469,357.0554504394531,359.05572509765625,369.0913391113281,373.250244140625,376.0554504394531,380.85919189453125,390.3089904785156,392.6971740722656,396.7113342285156,398.3158264160156,400.0749816894531,406.4316711425781,418.4175720214844,422.06121826171875,422.0824890136719,425.4478759765625,425.4865417480469,429.6847839355469,430.6828918457031,432.1246643066406,433.0608825683594,433.65264892578125,435.4306640625,437.18585205078125,439.2804870605469,440.4119873046875,443.7154235839844,446.650390625,452.0227355957031,455.8242492675781,455.93450927734375,456.5392150878906,457.15631103515625,457.3809509277344,457.77471923828125,457.8936767578125,458.61199951171875,
579,272,1,7.417176723480225,84.24992370605469,115.73361206054688,117.52577209472656,121.07352447509766,121.32537078857422,122.413818359375,130.08758544921875,131.18252563476562,132.2009735107422,133.13613891601562,135.3758544921875,137.8326873779297,138.7216339111328,138.8464813232422,140.72006225585938,145.55999755859375,148.78421020507812,149.24905395507812,149.7853546142578,154.11817932128906,154.38015747070312,157.028076171875,157.09097290039062,159.03213500976562,159.05856323242188,159.494384765625,160.43919372558594,160.7410125732422,160.83929443359375,161.82835388183594,164.60861206054688,164.77947998046875,165.91729736328125,169.9729461669922,170.0776824951172,171.11598205566406,171.43792724609375,171.83863830566406,172.40771484375,172.45938110351562,173.68309020996094,174.19459533691406,175.22940063476562,177.83407592773438,181.43971252441406,183.14353942871094,184.56138610839844,185.65646362304688,187.65794372558594,
128,11,1,7.843873977661133,39.03647994995117,39.5093879699707,42.7135009765625,52.969871520996094,56.705684661865234,87.74911499023438,153.5321044921875,222.59732055664062,230.8243865966797,277.8399353027344,309.7679443359375,310.8609313964844,325.1744384765625,336.0736083984375,338.07891845703125,341.0581970214844,342.7510070800781,347.8575134277344,351.03564453125,355.7961120605469,357.0963439941406,360.4796142578125,362.6925354003906,365.7968444824219,371.5981140136719,377.4827880859375,384.9544677734375,388.21893310546875,395.43670654296875,395.739990234375,401.4091796875,404.5887451171875,404.96392822265625,407.7843322753906,412.5338134765625,418.24273681640625,422.4669189453125,423.431884765625,423.5387878417969,425.1047668457031,435.7647705078125,436.5350341796875,436.7571105957031,441.94390869140625,446.4446105957031,447.16790771484375,448.1221923828125,449.39971923828125,449.7868347167969,
209,327,1,1.1868406534194946,101.53627014160156,115.98663330078125,143.0933380126953,151.51934814453125,164.00779724121094,175.39132690429688,176.5157928466797,178.91082763671875,179.70205688476562,180.3883514404297,187.46580505371094,193.05288696289062,201.6615753173828,202.6507568359375,204.29627990722656,204.74090576171875,205.18458557128906,205.2083740234375,206.19900512695312,206.82020568847656,206.84945678710938,209.45384216308594,212.7084503173828,216.12387084960938,216.59817504882812,219.19741821289062,220.30238342285156,222.0505828857422,222.42898559570312,223.04600524902344,224.0609588623047,226.2052764892578,228.10874938964844,231.94525146484375,232.28643798828125,234.74053955078125,236.3511962890625,237.52516174316406,238.4588623046875,240.98208618164062,241.20201110839844,245.42538452148438,249.4197998046875,250.05780029296875,251.00680541992188,251.7701416015625,252.57464599609375,252.92579650878906,253.202392578125,
1369,295,1,1.907386302947998,136.87942504882812,145.6197967529297,157.4462432861328,162.9337921142578,177.41510009765625,190.2473602294922,196.56338500976562,199.06419372558594,203.04075622558594,204.00051879882812,218.34243774414062,221.46424865722656,226.3223876953125,230.64195251464844,241.5381317138672,244.18994140625,258.25946044921875,264.5430908203125,273.46795654296875,274.2969665527344,274.7281494140625,277.0226745605469,280.3553161621094,283.7503967285156,296.4111022949219,296.6217346191406,299.4674987792969,302.3465576171875,304.4259338378906,310.35284423828125,311.3560791015625,322.72137451171875,323.3345031738281,325.6310729980469,326.68170166015625,329.27008056640625,334.7852478027344,337.853759765625,338.19927978515625,338.51220703125,343.3438415527344,344.9950256347656,345.2423095703125,345.65277099609375,347.77978515625,349.4797058105469,350.042236328125,352.0940246582031,352.3243103027344,
229,236,1,1.9891252517700195,86.40266418457031,89.0817642211914,89.12694549560547,89.49623107910156,103.21259307861328,107.31980895996094,108.8843994140625,108.93021392822266,115.10018157958984,116.10198974609375,121.4389419555664,127.22447204589844,127.47674560546875,127.81166076660156,129.14328002929688,129.57339477539062,132.44110107421875,132.77613830566406,132.8402099609375,134.72328186035156,134.7887420654297,135.782470703125,135.9471893310547,139.1491241455078,140.14707946777344,144.88572692871094,145.31890869140625,145.3949432373047,147.87918090820312,149.64840698242188,156.7412872314453,156.93174743652344,158.06332397460938,159.49737548828125,165.12222290039062,165.2418975830078,165.87586975097656,166.7136688232422,167.3992919921875,167.80125427246094,167.99900817871094,174.08114624023438,175.00897216796875,175.94960021972656,178.0105438232422,181.5166778564453,181.86306762695312,182.2812042236328,182.3753204345703,
1443,294,1,2.1543288230895996,243.50059509277344,247.54141235351562,287.78076171875,294.0146179199219,303.5585632324219,316.7419128417969,334.558837890625,338.7823181152344,358.7890930175781,362.2265930175781,370.441650390625,373.2609558105469,398.205810546875,415.44512939453125,417.8197326660156,419.9513244628906,428.4498291015625,432.2978210449219,439.4315185546875,443.6251220703125,448.84307861328125,449.0348815917969,450.0009765625,451.1517333984375,451.37322998046875,451.49627685546875,455.5065612792969,455.5559997558594,465.4722900390625,472.0106201171875,473.2234191894531,477.4861145019531,482.5093994140625,483.24688720703125,485.1341247558594,485.1441650390625,490.3130187988281,492.9003601074219,492.9346618652344,497.9795837402344,499.2916259765625,502.13287353515625,503.7018737792969,505.5945739746094,505.6893615722656,508.00360107421875,508.11004638671875,511.6215515136719,512.6387329101562,
205,330,1,0.7695241570472717,80.43690490722656,87.59513092041016,90.5950927734375,90.82398223876953,95.6034164428711,98.9961166381836,100.46304321289062,105.67411804199219,106.17394256591797,109.96826171875,113.539306640625,114.77445983886719,119.63687133789062,121.2454833984375,124.81060791015625,127.15132141113281,129.14112854003906,130.2293701171875,132.31320190429688,132.83070373535156,136.52490234375,139.77455139160156,141.66659545898438,141.8662567138672,142.5126495361328,143.0609893798828,143.07876586914062,145.8018035888672,146.30184936523438,147.4679718017578,151.5382843017578,155.9691925048828,156.16415405273438,159.11924743652344,160.95350646972656,161.79443359375,170.09304809570312,170.3916473388672,172.11361694335938,173.10804748535156,173.5438690185547,174.00601196289062,174.8478240966797,175.3057403564453,179.32281494140625,179.486328125,179.7476806640625,180.0182342529297,180.4430694580078,
707,253,1,1.755284070968628,95.01582336425781,118.573974609375,120.10445404052734,133.40145874023438,159.24166870117188,161.63047790527344,163.4274444580078,167.40321350097656,169.09857177734375,170.13949584960938,179.7741241455078,185.9063262939453,187.8007354736328,192.38438415527344,195.2166748046875,206.31533813476562,206.88153076171875,208.84646606445312,230.30743408203125,231.7955322265625,232.15777587890625,232.56422424316406,232.96604919433594,239.59547424316406,240.55308532714844,241.22801208496094,241.47259521484375,242.91705322265625,245.92628479003906,251.96168518066406,252.16580200195312,252.655029296875,253.09559631347656,253.37689208984375,255.89083862304688,258.34326171875,259.3924865722656,261.14190673828125,266.03369140625,268.8438720703125,274.3839416503906,274.5597229003906,275.0758972167969,277.6217956542969,286.7467346191406,286.8290710449219,287.5022277832031,287.5592956542969,288.7355041503906,
1452,284,1,4.981239318847656,44.36419677734375,69.76802062988281,246.98318481445312,276.4275207519531,288.7823791503906,288.991455078125,331.362060546875,331.7744140625,336.08941650390625,348.1342468261719,372.4972839355469,375.210205078125,377.91363525390625,378.7065734863281,379.61199951171875,386.0393981933594,390.84814453125,394.66387939453125,394.67327880859375,403.75067138671875,405.4805908203125,407.8105773925781,409.466064453125,411.51806640625,419.34332275390625,423.60516357421875,425.5671691894531,425.7019958496094,427.2101745605469,429.39447021484375,429.8598327636719,431.1135559082031,434.1877746582031,437.5438232421875,439.95770263671875,442.7192687988281,444.09759521484375,445.1861572265625,446.11407470703125,451.0435485839844,452.6701965332031,453.817626953125,456.4649353027344,456.6592102050781,458.8422546386719,459.0378723144531,461.4261169433594,461.7371826171875,462.4848327636719,
1222,292,1,3.7708611488342285,92.01740264892578,96.06221771240234,97.71101379394531,115.11573028564453,118.24576568603516,124.28226470947266,126.2105941772461,130.0439453125,137.3888702392578,141.3069305419922,142.21713256835938,144.8515625,148.2027130126953,148.2955322265625,149.25160217285156,151.81137084960938,153.70062255859375,154.06997680664062,158.97389221191406,159.81309509277344,165.5037078857422,166.50521850585938,168.23887634277344,169.75439453125,172.03419494628906,173.3645782470703,174.83241271972656,178.60850524902344,181.0670928955078,183.89077758789062,184.5271453857422,185.1977996826172,188.04383850097656,188.37232971191406,188.4893035888672,188.84927368164062,188.93951416015625,193.57174682617188,194.32675170898438,194.5586700439453,194.75823974609375,196.1302947998047,197.87901306152344,199.67221069335938,201.21014404296875,201.25369262695312,203.2808074951172,203.63172912597656,204.260009765625,
1638,55,1,1.3142662048339844,11.5811767578125,14.209517478942871,14.725990295410156,45.36750793457031,48.95860290527344,62.885169982910156,110.89217376708984,183.60556030273438,202.75942993164062,238.56729125976562,264.05914306640625,279.1046447753906,281.0130615234375,283.89208984375,286.74908447265625,288.75286865234375,290.0371398925781,295.0887451171875,305.35797119140625,318.4051208496094,325.0531311035156,325.08392333984375,330.23687744140625,331.6434020996094,333.40380859375,338.32794189453125,338.3460693359375,339.0320129394531,343.8351745605469,352.43048095703125,353.745361328125,357.0235900878906,365.2710876464844,371.1212463378906,371.2088317871094,379.2453308105469,384.8629150390625,386.8958435058594,388.5306701660156,388.6192932128906,390.3816223144531,390.6163635253906,396.67529296875,399.5603332519531,400.8519592285156,401.58624267578125,402.8015441894531,404.08380126953125,404.2178955078125,
1476,298,1,2.5157620906829834,181.09396362304688,218.87701416015625,224.7318115234375,230.57052612304688,232.30747985839844,235.53924560546875,237.25433349609375,259.9745788574219,262.162353515625,263.1956787109375,267.8440856933594,269.2369079589844,273.072509765625,282.17767333984375,285.7726745605469,292.0810546875,292.8987121582031,299.3681640625,302.2226867675781,303.31207275390625,321.06463623046875,321.29180908203125,321.6084899902344,322.3291931152344,323.0032958984375,338.82769775390625,341.1332092285156,342.3920593261719,342.7129821777344,349.0618591308594,352.8586120605469,355.28533935546875,357.0101318359375,357.5959167480469,360.7055358886719,363.0085754394531,366.4262390136719,366.9635314941406,370.364013671875,372.42694091796875,374.5182189941406,382.6880798339844,386.85015869140625,392.40374755859375,394.3689270019531,399.2213134765625,399.7002868652344,399.8337707519531,401.0320129394531,
717,194,1,7.506075382232666,121.33000946044922,134.46554565429688,148.93690490722656,160.03587341308594,160.03768920898438,171.0868682861328,172.27713012695312,174.68231201171875,175.00375366210938,175.86126708984375,177.75389099121094,178.07765197753906,178.6144256591797,180.3988037109375,180.45643615722656,187.04998779296875,195.62399291992188,196.62338256835938,197.11497497558594,198.59994506835938,198.62420654296875,200.67233276367188,201.01930236816406,201.13031005859375,201.61117553710938,202.98583984375,205.0733642578125,206.0794677734375,207.87257385253906,207.89491271972656,212.41383361816406,213.38819885253906,215.44834899902344,219.0882110595703,219.5718536376953,224.12265014648438,227.07363891601562,227.33810424804688,228.1034698486328,228.1104278564453,228.99781799316406,230.49838256835938,230.7237091064453,230.75656127929688,231.391845703125,232.26402282714844,234.0718536376953,234.34542846679688,234.97628784179688,
175,175,1,2.582824468612671,73.2802963256836,89.87889099121094,110.77845764160156,123.90635681152344,130.83236694335938,131.0735321044922,131.1161651611328,131.19100952148438,134.18470764160156,142.2132110595703,144.91693115234375,145.98789978027344,146.0377960205078,149.6717987060547,150.787109375,151.01463317871094,153.49790954589844,155.76698303222656,157.5099639892578,158.02618408203125,158.948486328125,161.39956665039062,163.13780212402344,164.36756896972656,167.17141723632812,167.29745483398438,167.46542358398438,169.3944549560547,179.02438354492188,179.5279541015625,179.77774047851562,182.3599395751953,189.54116821289062,189.60426330566406,190.9850311279297,193.94851684570312,194.9446563720703,195.04661560058594,197.26693725585938,197.76075744628906,198.60301208496094,199.50291442871094,200.07119750976562,200.35372924804688,200.98110961914062,202.65371704101562,203.099609375,203.5532684326172,203.73513793945312,
1119,244,1,4.250757217407227,57.78952407836914,121.38292694091797,126.40131378173828,139.77593994140625,139.9639434814453,151.07427978515625,162.09242248535156,174.95913696289062,175.24658203125,181.17855834960938,183.1729278564453,185.22193908691406,186.17918395996094,190.69027709960938,190.96054077148438,202.67091369628906,204.7831268310547,207.0064239501953,207.75399780273438,212.77227783203125,213.25906372070312,216.12335205078125,216.81283569335938,218.27197265625,222.30152893066406,226.58291625976562,227.4758758544922,229.68850708007812,231.01620483398438,231.43319702148438,232.88433837890625,236.1632537841797,242.92543029785156,251.17730712890625,253.37222290039062,256.873291015625,256.955810546875,259.6288146972656,266.6064147949219,267.4427185058594,268.12274169921875,269.99359130859375,270.2608947753906,271.1740417480469,271.74591064453125,272.3326416015625,277.438232421875,277.9365539550781,279.5931701660156,
1628,284,1,2.180208206176758,78.4903564453125,141.58380126953125,168.90086364746094,177.21083068847656,181.48020935058594,187.87832641601562,189.8174591064453,204.99755859375,218.74285888671875,220.9877166748047,223.72091674804688,228.72438049316406,232.3498077392578,237.3812255859375,239.59262084960938,242.7812042236328,244.31752014160156,246.86764526367188,248.10882568359375,248.14219665527344,261.2306823730469,261.4831848144531,264.75909423828125,266.0509033203125,266.7911682128906,270.6578674316406,276.5893859863281,280.5111999511719,282.2384033203125,284.2283020019531,284.6108703613281,290.0288391113281,290.4623107910156,290.9365234375,291.62396240234375,292.56689453125,295.7030944824219,297.3457336425781,299.8623046875,303.05950927734375,304.32098388671875,308.0273132324219,309.3614501953125,310.343994140625,314.5907287597656,315.4764099121094,316.0929870605469,317.5151672363281,318.0442199707031,
673,218,1,2.2516708374023438,38.4619255065918,130.63218688964844,149.34230041503906,152.30987548828125,163.1190643310547,163.4781036376953,164.19581604003906,172.20970153808594,177.0487823486328,179.55137634277344,179.99066162109375,184.4958953857422,186.12632751464844,187.33250427246094,189.00738525390625,191.5231475830078,191.5919952392578,194.53001403808594,200.34719848632812,203.6792449951172,208.2444610595703,209.30316162109375,217.32901000976562,220.04734802246094,220.74830627441406,221.1729278564453,221.54254150390625,222.10232543945312,223.1156005859375,228.75897216796875,228.8231658935547,229.2213134765625,231.23707580566406,231.58160400390625,232.52987670898438,233.68838500976562,234.43319702148438,235.45909118652344,237.80908203125,246.0957794189453,246.48941040039062,247.43460083007812,249.77354431152344,250.11825561523438,250.2067108154297,251.2574462890625,252.31759643554688,252.4546356201172,253.0310821533203,
1749,291,1,2.723511219024658,96.86744689941406,153.3296356201172,155.58059692382812,159.4711456298828,166.58018493652344,182.5736541748047,182.87818908691406,186.14060974121094,187.1396026611328,192.33877563476562,193.52403259277344,204.11270141601562,206.9058380126953,207.23565673828125,208.74945068359375,215.65072631835938,225.9599609375,228.23178100585938,229.966552734375,231.13433837890625,232.8602294921875,232.87147521972656,232.95538330078125,234.6161651611328,236.44776916503906,239.2525177001953,241.1647186279297,241.17599487304688,241.283447265625,242.64605712890625,243.34893798828125,243.4077606201172,244.87213134765625,245.57064819335938,247.68795776367188,250.7591094970703,252.73788452148438,253.59335327148438,254.6320037841797,255.822021484375,256.8858642578125,257.7693176269531,258.2204284667969,259.11871337890625,260.2314758300781,260.63616943359375,260.97125244140625,260.98309326171875,262.3414611816406,
823,19,1,24.781095504760742,120.02621459960938,155.07777404785156,165.82240295410156,168.96360778808594,177.00909423828125,186.23849487304688,186.5240020751953,190.0142364501953,192.94992065429688,197.2709503173828,200.4937286376953,201.22865295410156,207.1858367919922,207.22398376464844,208.4072723388672,208.43124389648438,211.09347534179688,215.7997283935547,216.0787811279297,218.1648406982422,227.9791717529297,229.13308715820312,229.38572692871094,235.55543518066406,236.00108337402344,236.06373596191406,236.38612365722656,239.28707885742188,239.3495330810547,239.85719299316406,240.7333526611328,241.97132873535156,244.30421447753906,245.98472595214844,246.28475952148438,247.0596160888672,248.66738891601562,248.7921600341797,249.88986206054688,251.95321655273438,252.35943603515625,254.0453643798828,255.03819274902344,256.06561279296875,257.8277282714844,258.6019287109375,258.64593505859375,259.4019470214844,259.40472412109375,
671,219,1,3.8452532291412354,191.15577697753906,231.6581268310547,257.4081726074219,259.9862365722656,260.52032470703125,261.6043395996094,267.7802429199219,293.5585021972656,305.4596862792969,306.9853210449219,307.5163269042969,307.79241943359375,314.7270202636719,318.72198486328125,331.07891845703125,334.5326843261719,334.6163330078125,336.2689208984375,338.7938232421875,341.26129150390625,344.6092834472656,345.7685546875,348.7282409667969,353.0393371582031,355.8534240722656,358.84283447265625,359.8833312988281,363.81854248046875,366.2286682128906,367.0054931640625,367.66583251953125,370.39166259765625,370.8092346191406,376.1322937011719,378.87872314453125,378.9837646484375,381.4959411621094,382.73468017578125,383.80487060546875,385.3033447265625,385.79290771484375,388.4723815917969,390.5580139160156,390.99261474609375,392.9239501953125,394.7795104980469,397.15423583984375,403.4601745605469,404.2112731933594,
193,303,1,3.8263678550720215,35.159088134765625,59.33921432495117,64.98960876464844,71.44307708740234,87.75850677490234,89.33226776123047,94.13582611083984,100.82280731201172,105.38153839111328,111.4115982055664,112.29097747802734,113.45793151855469,117.86788177490234,120.45523071289062,121.6131820678711,124.68961334228516,129.42568969726562,130.4123077392578,132.14573669433594,132.68389892578125,134.4977264404297,135.2703399658203,137.6304473876953,142.6967315673828,144.5537109375,144.640625,145.5673065185547,147.46292114257812,147.89776611328125,148.14280700683594,148.6739959716797,148.86924743652344,149.68211364746094,150.49594116210938,152.9923095703125,154.21754455566406,156.7991943359375,157.8123321533203,162.00587463378906,163.75408935546875,163.8036651611328,165.40817260742188,167.55352783203125,169.43692016601562,170.4029083251953,172.9862060546875,173.9073486328125,175.6385955810547,175.83294677734375,
565,254,1,1.2510437965393066,64.35884094238281,98.16694641113281,113.45718383789062,129.01922607421875,145.431884765625,152.5568389892578,156.22128295898438,157.7330322265625,160.15753173828125,169.926025390625,173.07818603515625,177.53211975097656,177.77171325683594,179.56556701660156,185.3915252685547,187.50323486328125,187.67251586914062,190.45230102539062,191.52940368652344,205.54783630371094,206.94924926757812,218.30613708496094,218.42010498046875,219.12850952148438,219.16363525390625,231.68588256835938,234.75497436523438,237.33277893066406,238.8919677734375,241.7689208984375,246.76329040527344,248.39630126953125,251.26339721679688,251.38055419921875,252.48333740234375,252.60704040527344,254.2306671142578,254.85772705078125,255.21408081054688,256.0396728515625,258.4924621582031,263.45654296875,265.5863342285156,272.133056640625,272.8262939453125,274.45947265625,274.8383483886719,277.0882568359375,277.8728942871094,
1141,248,1,14.065080642700195,241.14910888671875,316.5054931640625,324.7977600097656,333.8226318359375,333.9038391113281,348.17254638671875,361.1833190917969,365.70758056640625,368.319580078125,369.8927307128906,379.97418212890625,383.325439453125,388.43817138671875,391.8673400878906,396.694091796875,397.3271179199219,398.6225891113281,407.31878662109375,412.749755859375,414.2625427246094,417.3775329589844,420.67474365234375,427.8492736816406,433.0227355957031,447.0012512207031,447.2225341796875,449.1444091796875,454.0066833496094,457.955810546875,470.53948974609375,473.4353332519531,475.7308654785156,478.18170166015625,487.9349365234375,493.7081298828125,497.7950439453125,497.8410949707031,501.3029479980469,505.2757568359375,507.90301513671875,508.7669677734375,511.78564453125,520.0974731445312,524.17431640625,525.7129516601562,533.1797485351562,535.1663208007812,545.2999267578125,547.5848999023438,
166,66,1,15.701644897460938,47.56884002685547,49.93453598022461,64.37149810791016,65.40533447265625,69.73504638671875,72.11832427978516,74.11032104492188,79.56636047363281,79.61449432373047,84.9683609008789,85.38605499267578,85.54231262207031,87.27604675292969,88.88050842285156,91.86602783203125,92.06257629394531,93.0462646484375,96.0731430053711,97.00790405273438,100.33814239501953,100.40650177001953,103.20368957519531,107.85588836669922,110.60779571533203,110.78465270996094,115.00340270996094,116.18387603759766,117.44107055664062,118.48834228515625,120.85919952392578,121.23921966552734,121.25059509277344,121.47227478027344,121.52001190185547,127.13997650146484,127.76721954345703,129.8455047607422,131.58876037597656,133.16229248046875,135.38499450683594,136.0278778076172,137.09600830078125,140.1340789794922,142.19061279296875,143.6792755126953,146.84872436523438,147.7005157470703,149.0085906982422,149.96005249023438,
1536,294,1,3.167936325073242,462.9110107421875,474.3117980957031,493.03826904296875,528.7556762695312,531.4998168945312,533.5269775390625,533.9324340820312,534.7630615234375,536.24072265625,537.06298828125,539.7201538085938,563.2109985351562,563.875244140625,564.467529296875,566.9843139648438,576.8264770507812,579.7224731445312,580.207275390625,580.3621215820312,583.5496826171875,583.649658203125,604.7821655273438,608.7330322265625,614.3824462890625,619.573974609375,624.6465454101562,627.096923828125,630.4993286132812,634.0927124023438,635.431640625,637.8245239257812,637.9996337890625,643.5438842773438,650.599609375,651.7227172851562,653.5216064453125,662.02294921875,663.0663452148438,666.1690063476562,667.64208984375,667.7647094726562,680.1334228515625,681.646728515625,682.4260864257812,683.2421264648438,684.6592407226562,688.167236328125,691.7122192382812,694.9395751953125,
1483,294,1,5.904521465301514,104.15751647949219,104.75379943847656,160.27581787109375,169.61868286132812,182.84353637695312,203.2256622314453,212.6811981201172,230.560546875,230.86587524414062,234.12648010253906,243.4254913330078,253.17921447753906,253.49407958984375,254.95352172851562,255.17703247070312,255.2824249267578,261.4148254394531,269.7858581542969,271.2591247558594,274.3732604980469,276.064453125,278.8380126953125,280.5218811035156,281.0343322753906,283.274658203125,283.84136962890625,284.9280700683594,285.1011657714844,285.3705749511719,286.5884094238281,287.98980712890625,288.2530517578125,291.6459045410156,293.0348815917969,294.0859069824219,299.7803039550781,303.2988586425781,305.0865173339844,305.2442932128906,307.34674072265625,310.3251647949219,310.36651611328125,311.1240234375,313.13134765625,313.7275390625,314.63470458984375,314.82574462890625,315.0618591308594,315.12969970703125,
593,266,1,4.763211250305176,60.8910026550293,83.32257843017578,107.0986328125,109.05093383789062,110.72293090820312,123.11214447021484,123.92479705810547,127.8278579711914,127.8915786743164,128.9678192138672,129.18630981445312,129.5446014404297,137.2569580078125,137.92752075195312,147.1212158203125,147.75428771972656,148.18377685546875,149.30555725097656,150.19309997558594,151.5747528076172,155.6451873779297,156.85792541503906,159.17250061035156,160.92303466796875,161.70114135742188,161.83001708984375,163.50267028808594,164.18431091308594,164.7579345703125,169.14642333984375,169.73582458496094,170.16119384765625,171.57009887695312,172.53738403320312,174.8618927001953,175.60113525390625,175.7971954345703,176.07374572753906,178.69773864746094,179.4464111328125,179.5709686279297,181.8390350341797,182.94894409179688,183.0098114013672,185.26272583007812,187.29974365234375,188.08628845214844,188.98609924316406,189.27540588378906,
176,185,1,15.022082328796387,117.26638793945312,122.93627166748047,141.5879669189453,154.29098510742188,164.10704040527344,184.6811065673828,187.16358947753906,188.29971313476562,188.8266143798828,189.6326446533203,190.00643920898438,191.5107421875,191.63587951660156,192.74134826660156,194.15426635742188,194.4993896484375,194.61874389648438,197.8924560546875,199.77655029296875,204.59548950195312,208.23768615722656,208.42190551757812,208.98338317871094,209.25430297851562,210.5877227783203,213.15374755859375,213.7091827392578,214.15049743652344,216.05242919921875,217.15284729003906,218.79074096679688,219.9095001220703,220.0843963623047,222.7298583984375,225.44908142089844,228.15560913085938,228.30975341796875,228.99981689453125,229.46255493164062,231.63583374023438,232.68911743164062,233.7015380859375,233.9522705078125,234.34579467773438,236.17916870117188,237.0611572265625,237.64767456054688,238.6515350341797,240.7199249267578,
1315,293,1,1.9298830032348633,126.4415283203125,141.9644012451172,155.47254943847656,160.2913818359375,172.8761749267578,184.34291076660156,199.72067260742188,213.0312957763672,218.33985900878906,223.16529846191406,226.57823181152344,226.8778076171875,227.4390869140625,233.42222595214844,245.38131713867188,247.8090057373047,277.7391052246094,280.3512878417969,280.8678283691406,284.6283874511719,287.0834655761719,287.43865966796875,291.7350158691406,292.3330078125,295.5852355957031,295.7007141113281,296.0211486816406,297.9007873535156,298.7954406738281,298.9637756347656,304.9450378417969,305.61907958984375,313.8830871582031,314.2242736816406,314.5318603515625,314.805908203125,315.54156494140625,315.8092041015625,317.9287109375,319.458984375,323.0430603027344,325.405517578125,330.2776794433594,330.9404296875,333.39239501953125,334.43487548828125,336.0570983886719,338.39276123046875,340.88653564453125,
786,19,1,27.82449722290039,118.10954284667969,149.50967407226562,152.50927734375,158.7001953125,166.34556579589844,172.0128936767578,180.1924285888672,182.82139587402344,185.6893310546875,186.70260620117188,192.73475646972656,200.12916564941406,202.2200927734375,202.70962524414062,207.76780700683594,210.0812530517578,212.39707946777344,212.7076873779297,213.156982421875,214.3927764892578,215.25709533691406,219.7738800048828,220.5615234375,223.97952270507812,227.8471221923828,230.2980194091797,231.31301879882812,231.747802734375,232.1107177734375,232.2186279296875,232.32923889160156,235.75637817382812,236.08021545410156,237.57553100585938,239.45948791503906,239.463134765625,239.79623413085938,240.6901092529297,241.66708374023438,242.12362670898438,244.6063995361328,244.9250946044922,245.86846923828125,246.3445587158203,246.53823852539062,247.5626678466797,247.79417419433594,247.994384765625,249.11289978027344,
825,19,1,14.638924598693848,64.39755249023438,75.96497344970703,80.40983581542969,83.31721496582031,86.05477905273438,88.91142272949219,89.68323516845703,99.94344329833984,101.59591674804688,102.7151107788086,106.7282485961914,110.3229751586914,111.4304428100586,113.91079711914062,114.09505462646484,114.2862777709961,115.23027801513672,116.70286560058594,119.30760192871094,125.20611572265625,125.8391342163086,126.97892761230469,128.78248596191406,139.18348693847656,142.68333435058594,142.725830078125,143.6450958251953,144.52001953125,144.5699920654297,145.93963623046875,146.21517944335938,147.98593139648438,148.16993713378906,151.14697265625,151.4727325439453,151.65655517578125,151.85740661621094,153.4547119140625,154.49014282226562,156.01123046875,159.29510498046875,159.7013397216797,161.15687561035156,162.21762084960938,163.75665283203125,164.1062774658203,165.13192749023438,165.6748504638672,165.844482421875,
1226,251,1,1.691689372062683,160.33511352539062,202.8154754638672,212.14678955078125,232.42933654785156,234.71548461914062,240.37696838378906,246.5858154296875,251.53533935546875,252.6458740234375,262.0982666015625,267.66192626953125,268.72308349609375,270.4268798828125,274.3666687011719,277.04351806640625,277.33074951171875,281.0754089355469,293.8324890136719,298.37139892578125,303.4317321777344,304.9128112792969,312.2448425292969,315.2174072265625,318.45697021484375,328.1799011230469,331.15460205078125,331.7685852050781,331.8558349609375,334.8748474121094,335.5730285644531,335.76434326171875,335.8897705078125,342.3249206542969,355.5791015625,357.3808898925781,357.8443908691406,359.2828369140625,361.0568542480469,361.3390197753906,364.45068359375,365.4164733886719,365.4933166503906,365.8091125488281,368.7095031738281,373.460205078125,377.4118347167969,378.0166320800781,379.8548889160156,380.71002197265625,
382,191,1,1.2156734466552734,58.301692962646484,74.75436401367188,91.24037170410156,95.26028442382812,99.1493911743164,115.04009246826172,128.86036682128906,137.39144897460938,153.8374786376953,170.1143035888672,188.490966796875,199.38958740234375,200.40321350097656,202.39102172851562,202.95314025878906,209.08169555664062,210.0580291748047,212.9059600830078,219.6708221435547,221.31546020507812,229.01025390625,230.37672424316406,230.7874298095703,232.13783264160156,232.88389587402344,239.92681884765625,245.7369384765625,249.56800842285156,253.35516357421875,256.1189270019531,262.3367919921875,263.4385681152344,265.16461181640625,267.0974426269531,268.28460693359375,271.348876953125,272.5393981933594,278.2606201171875,283.1642761230469,283.3773193359375,284.3132629394531,287.6416931152344,295.3924865722656,296.8407897949219,297.062255859375,299.9886779785156,300.2182312011719,306.0098571777344,306.5459899902344,
1109,255,1,1.3343586921691895,187.07652282714844,199.53680419921875,213.40072631835938,229.489990234375,240.21995544433594,245.76588439941406,247.26504516601562,248.69869995117188,251.80645751953125,253.3246612548828,256.0158386230469,257.3350524902344,259.7617492675781,260.517578125,263.34912109375,274.3285827636719,278.1701965332031,279.0118103027344,285.80975341796875,287.64178466796875,287.880615234375,288.3518371582031,290.1495361328125,290.75250244140625,291.7884826660156,291.8887634277344,293.4429016113281,294.4043273925781,302.35845947265625,304.4054870605469,308.65216064453125,311.9062805175781,315.0864562988281,315.65460205078125,316.08575439453125,316.37213134765625,317.1031799316406,317.552001953125,319.3770751953125,320.82110595703125,321.9047546386719,323.1277770996094,326.603759765625,328.560302734375,330.6514587402344,331.1139221191406,333.2644958496094,334.75262451171875,338.4960021972656,
536,231,1,2.4910240173339844,52.66093063354492,105.29358673095703,115.53007507324219,126.52884674072266,130.29037475585938,139.8545684814453,140.409912109375,141.7123260498047,143.65830993652344,144.09161376953125,144.3461456298828,147.4413299560547,149.63619995117188,158.45603942871094,163.42681884765625,164.36920166015625,169.2921142578125,169.43588256835938,171.03565979003906,171.6177215576172,175.7176971435547,177.11521911621094,177.17745971679688,181.8188018798828,183.30799865722656,185.4862823486328,189.81361389160156,191.9239044189453,192.27684020996094,195.39532470703125,197.25,199.64244079589844,201.20997619628906,207.4852752685547,215.52847290039062,217.1968994140625,218.68922424316406,219.74386596679688,221.04246520996094,221.61270141601562,226.31289672851562,226.4644012451172,226.98744201660156,227.14950561523438,234.8950653076172,236.7098846435547,239.28878784179688,239.9401397705078,240.97349548339844,
1216,257,1,2.9688262939453125,248.12417602539062,252.75550842285156,289.22479248046875,292.7921447753906,305.6752624511719,312.62005615234375,314.12103271484375,320.7591552734375,323.0372009277344,326.8385925292969,334.89227294921875,338.243408203125,349.73431396484375,352.2080993652344,354.4396667480469,354.9981384277344,358.2568054199219,365.2396240234375,366.3498840332031,368.0405578613281,368.30731201171875,373.9795837402344,392.3912658691406,393.17584228515625,396.47076416015625,401.57958984375,401.8836975097656,402.5797424316406,404.4566650390625,406.182373046875,409.9835510253906,410.9951171875,413.2109680175781,421.1697692871094,426.4188232421875,430.972900390625,434.8837890625,436.9151916503906,437.16510009765625,438.09197998046875,442.5589294433594,443.4572448730469,443.4620056152344,445.62603759765625,446.3816833496094,449.609130859375,449.9298400878906,450.726318359375,452.0231018066406,
367,30,1,24.146089553833008,191.59446716308594,207.1287384033203,209.1695098876953,218.93121337890625,219.7061004638672,221.19569396972656,221.76498413085938,224.42002868652344,226.66079711914062,228.75917053222656,234.19650268554688,234.23780822753906,236.1020965576172,236.4193572998047,236.7955322265625,236.91026306152344,239.1453094482422,242.39125061035156,244.1602325439453,244.92530822753906,245.19256591796875,255.3945770263672,257.6488952636719,258.5741882324219,259.2057189941406,260.4266357421875,261.759521484375,262.6340026855469,265.7358093261719,266.468505859375,266.5465393066406,266.58575439453125,268.11895751953125,270.4176330566406,271.4777526855469,271.579345703125,271.7407531738281,272.1771240234375,272.86248779296875,273.93646240234375,275.06207275390625,275.3634338378906,275.78692626953125,278.0916748046875,279.6867980957031,280.1978759765625,280.4144592285156,282.4252014160156,282.6930236816406,
866,19,1,18.855104446411133,108.14525604248047,116.34603118896484,138.6999053955078,147.47781372070312,149.49928283691406,155.828857421875,159.88035583496094,167.48854064941406,168.1775665283203,168.18972778320312,170.57164001464844,170.9246063232422,173.899169921875,176.3697052001953,183.8638153076172,184.42237854003906,185.6915740966797,185.80149841308594,186.0932159423828,188.54981994628906,191.6016082763672,193.44105529785156,195.49949645996094,195.55255126953125,199.08140563964844,203.48812866210938,206.45791625976562,207.6525421142578,207.9984130859375,209.4171905517578,210.30068969726562,211.37249755859375,211.78262329101562,215.22373962402344,215.60252380371094,217.7842254638672,219.34841918945312,222.64822387695312,223.09564208984375,223.4257354736328,223.75656127929688,224.22705078125,224.69898986816406,226.0961151123047,232.0445556640625,233.7066650390625,234.17413330078125,234.57275390625,235.25335693359375,
1422,298,1,4.596792221069336,243.3582000732422,243.59423828125,276.87249755859375,280.2778015136719,289.7929992675781,289.7944641113281,294.04095458984375,310.0372619628906,320.4893798828125,322.00384521484375,332.6388244628906,334.85589599609375,348.9647216796875,349.4285583496094,352.6360168457031,360.3797607421875,361.4810485839844,371.4233703613281,379.9228210449219,380.07427978515625,381.78582763671875,383.7377014160156,383.9707946777344,387.9656982421875,395.5625305175781,396.29144287109375,397.1878356933594,406.2510986328125,408.0619812011719,410.4906005859375,414.6072998046875,415.47900390625,416.3688049316406,417.003662109375,424.4292907714844,425.2586975097656,427.33721923828125,427.4576721191406,428.3677978515625,429.96514892578125,430.052490234375,436.93927001953125,436.97283935546875,437.0744934082031,438.4266357421875,446.4313049316406,446.6604919433594,448.27227783203125,449.089599609375,
785,18,1,11.224074363708496,54.43367385864258,189.97943115234375,228.7963409423828,264.7249755859375,329.2803039550781,329.88604736328125,331.1315612792969,332.5567932128906,337.2160949707031,338.2558288574219,343.3163146972656,349.8035583496094,349.89892578125,351.7721862792969,357.5621032714844,363.35198974609375,365.2568054199219,372.8315124511719,376.44940185546875,376.7477111816406,380.6803283691406,390.97320556640625,394.7403564453125,396.13360595703125,397.12725830078125,406.5386962890625,410.8701477050781,419.5907897949219,422.2195129394531,423.92529296875,425.8244934082031,427.1446228027344,431.80657958984375,435.0519714355469,438.444580078125,441.4070739746094,443.51055908203125,445.00311279296875,449.6127624511719,450.1432189941406,455.21807861328125,460.2677001953125,466.3174133300781,468.1382751464844,472.18707275390625,474.7962646484375,475.3092346191406,475.5878601074219,476.1336669921875,
1120,250,1,2.2444002628326416,45.464637756347656,54.498329162597656,63.057064056396484,65.97195434570312,72.63018035888672,79.89515686035156,91.08993530273438,101.00894927978516,102.07572174072266,109.11629486083984,115.72807312011719,116.71685791015625,117.73223876953125,118.48076629638672,129.68605041503906,129.79965209960938,132.65782165527344,138.37326049804688,147.71759033203125,150.1571502685547,153.49522399902344,161.48228454589844,161.85154724121094,162.8485870361328,168.29302978515625,168.3985137939453,168.9627685546875,169.21217346191406,171.18667602539062,171.4403076171875,176.6405792236328,179.0565643310547,179.8343505859375,181.97805786132812,182.48385620117188,183.71646118164062,186.07752990722656,186.25271606445312,187.1365509033203,190.09332275390625,192.1169891357422,195.04872131347656,195.33302307128906,198.83456420898438,203.71165466308594,209.48965454101562,210.42703247070312,216.0704803466797,220.1720733642578,
317,31,1,25.372692108154297,157.5390625,201.74037170410156,214.0039825439453,226.85256958007812,233.607177734375,240.14398193359375,252.5666046142578,258.2774353027344,259.61395263671875,261.97161865234375,268.8876953125,291.3331298828125,291.8279724121094,291.97381591796875,294.1851501464844,302.433349609375,303.45184326171875,304.6083679199219,305.40045166015625,306.8971252441406,314.04913330078125,314.5272521972656,322.9980773925781,323.30426025390625,327.07025146484375,328.7792663574219,329.3094787597656,329.54840087890625,329.9267578125,330.093994140625,332.8470458984375,335.7879943847656,338.86553955078125,339.2283630371094,339.4344787597656,339.7374267578125,340.6910705566406,343.80914306640625,343.8606872558594,345.4884033203125,346.8761901855469,351.337646484375,357.15277099609375,361.4775085449219,362.06231689453125,362.830322265625,369.5929870605469,370.8868713378906,372.7567138671875,
807,19,1,29.431926727294922,170.38949584960938,223.3439178466797,242.1360321044922,255.77854919433594,262.4331359863281,274.72296142578125,283.4458312988281,284.4189147949219,290.2867126464844,291.9522705078125,293.3257751464844,294.5142517089844,295.2691955566406,298.7569274902344,306.139404296875,306.5823059082031,307.2994079589844,307.9538879394531,312.8047180175781,314.7341613769531,318.3992614746094,320.1650390625,321.754638671875,322.1688537597656,323.19091796875,324.9311828613281,325.5713195800781,327.72320556640625,328.54071044921875,330.58929443359375,332.19970703125,333.809814453125,334.0837707519531,338.5763854980469,339.8896484375,343.7143249511719,344.693359375,346.4977722167969,348.5621337890625,362.9023132324219,364.2169189453125,366.1988525390625,367.1172180175781,367.15960693359375,367.4797058105469,368.7475280761719,369.1368103027344,370.38189697265625,371.14166259765625,
150,237,1,2.980605363845825,192.23995971679688,194.58956909179688,199.3884735107422,217.8207244873047,225.95018005371094,230.4033203125,241.24166870117188,242.54803466796875,245.17681884765625,246.855712890625,247.71170043945312,251.72898864746094,252.42333984375,262.53924560546875,262.5888977050781,262.97894287109375,264.19671630859375,264.3880920410156,267.484375,272.20574951171875,274.45330810546875,277.6766662597656,278.0405578613281,278.2575988769531,278.7725524902344,279.98114013671875,280.8227233886719,282.2290954589844,282.8356628417969,285.2767028808594,285.91241455078125,286.9150695800781,287.66912841796875,290.4947509765625,292.8857116699219,294.94281005859375,295.1441345214844,295.23406982421875,296.0804443359375,296.1461181640625,297.64129638671875,297.6773376464844,300.2733154296875,300.96234130859375,303.315185546875,304.9430847167969,305.45526123046875,307.1412048339844,307.4892272949219,
783,19,1,36.26887130737305,83.40658569335938,112.68073272705078,126.43206787109375,129.3646697998047,132.08010864257812,140.5460205078125,155.19342041015625,158.83651733398438,161.80335998535156,162.4875946044922,166.18521118164062,168.9035186767578,171.97650146484375,174.77972412109375,178.8498077392578,179.5948486328125,180.02496337890625,180.99830627441406,182.47145080566406,183.35679626464844,186.75985717773438,188.21295166015625,189.2367706298828,190.04725646972656,190.69302368164062,191.08041381835938,191.1646728515625,193.7155303955078,193.90672302246094,196.29327392578125,197.7697296142578,198.06297302246094,201.05955505371094,206.75392150878906,208.18995666503906,209.9896240234375,210.57208251953125,210.58045959472656,212.3603973388672,213.9156494140625,214.10009765625,214.2815704345703,214.92066955566406,215.3737335205078,215.41714477539062,217.26171875,217.54629516601562,218.0128936767578,218.83969116210938,
1648,307,1,6.195237159729004,104.2812271118164,112.23728942871094,117.35078430175781,117.4828872680664,117.85555267333984,119.66830444335938,129.87472534179688,141.4808807373047,146.91163635253906,149.1375274658203,152.0497589111328,154.2506561279297,154.729736328125,155.1277313232422,157.27203369140625,159.3775177001953,161.6982879638672,163.94041442871094,166.0569610595703,167.03961181640625,168.24267578125,171.89552307128906,172.1658172607422,172.1831512451172,172.23553466796875,175.97076416015625,177.09579467773438,178.001953125,178.06199645996094,178.99615478515625,180.55613708496094,180.698974609375,180.805419921875,184.06259155273438,185.2390594482422,186.03652954101562,189.85833740234375,190.2745819091797,190.71385192871094,190.79144287109375,190.8248748779297,190.83364868164062,193.3284149169922,193.56903076171875,193.97760009765625,195.0390167236328,195.9386444091797,196.12820434570312,197.4109344482422,
1721,296,1,6.7479634284973145,260.63824462890625,285.12677001953125,289.1651916503906,300.5166320800781,300.5323181152344,313.0531005859375,319.60748291015625,323.490234375,326.0618896484375,326.7929382324219,328.79473876953125,332.1585693359375,332.9684143066406,335.49822998046875,340.14013671875,347.35107421875,348.7354431152344,349.6853332519531,351.79833984375,353.4005126953125,358.7294921875,361.2635192871094,361.488525390625,362.1116027832031,363.817138671875,364.42401123046875,366.60968017578125,367.3431701660156,373.1973571777344,378.0644836425781,378.337646484375,381.2245788574219,381.9222412109375,384.5622253417969,386.61077880859375,389.5638427734375,390.7488098144531,395.6597900390625,399.194091796875,399.4991760253906,400.0144348144531,401.8346252441406,402.22479248046875,402.4043273925781,402.474609375,411.9803771972656,412.1787109375,417.04254150390625,421.0993347167969,
1522,288,1,3.095332622528076,170.30088806152344,179.005859375,190.21588134765625,194.81964111328125,201.80775451660156,207.44371032714844,209.66163635253906,210.10311889648438,212.01121520996094,217.56631469726562,220.9200439453125,224.03562927246094,228.4267578125,230.29537963867188,232.72630310058594,233.74984741210938,233.84356689453125,236.00338745117188,238.4992218017578,240.01023864746094,240.4685821533203,241.42039489746094,243.34716796875,243.3627471923828,243.89878845214844,245.8756866455078,247.12193298339844,252.27078247070312,253.41111755371094,254.40457153320312,255.7032470703125,257.15399169921875,257.2161865234375,260.68121337890625,260.8050231933594,262.40716552734375,263.2270812988281,263.8677673339844,263.90020751953125,265.1222229003906,265.8540954589844,267.0257568359375,267.3133850097656,270.8428955078125,270.9441223144531,271.90057373046875,273.0220947265625,273.6202392578125,274.0826416015625,
1065,249,1,4.0920939445495605,223.8616943359375,232.7274627685547,235.5450897216797,239.4659423828125,243.93589782714844,255.8987579345703,287.57305908203125,290.9089660644531,292.77984619140625,295.1864013671875,306.9452209472656,313.1595153808594,315.86737060546875,317.08746337890625,318.9358215332031,319.5934143066406,320.509033203125,339.2640075683594,341.4100341796875,355.6949462890625,359.7893981933594,359.97747802734375,365.4088439941406,375.93121337890625,382.3875732421875,383.8941955566406,384.32952880859375,384.6300964355469,385.32965087890625,386.9462585449219,387.0445861816406,388.9746398925781,390.218017578125,391.96307373046875,392.6686706542969,392.9564514160156,393.3170471191406,394.69110107421875,396.86492919921875,397.5125427246094,399.7642517089844,408.47052001953125,409.6705322265625,410.97296142578125,411.71405029296875,412.7332763671875,413.2117614746094,414.1990051269531,415.245849609375,
243,48,1,2.633211612701416,114.7896499633789,121.19363403320312,121.3007583618164,123.46514892578125,149.71978759765625,159.0772705078125,172.1897430419922,281.2995910644531,282.5245361328125,283.5390625,284.4087219238281,287.57196044921875,292.11651611328125,294.0513916015625,295.1654357910156,296.6502380371094,303.9693908691406,317.6643371582031,325.59136962890625,332.4758605957031,334.78497314453125,338.2786865234375,343.9966125488281,357.4413757324219,357.5503845214844,364.0985412597656,365.3016662597656,374.64862060546875,381.9320983886719,382.7830810546875,388.634033203125,393.2099609375,397.9175109863281,397.9317932128906,400.0412292480469,406.9423522949219,408.7196960449219,410.2939758300781,413.218994140625,417.0395202636719,418.24468994140625,420.1518249511719,420.9478454589844,425.5223388671875,428.56085205078125,429.3031921386719,432.3983459472656,433.4554443359375,434.8274841308594,
1466,304,1,5.766544342041016,24.591840744018555,61.196449279785156,70.37298583984375,149.1927032470703,169.14488220214844,181.0067596435547,201.64715576171875,211.0038604736328,231.10763549804688,233.0844268798828,236.8834228515625,242.46849060058594,243.0988006591797,249.22096252441406,262.9549865722656,277.7750549316406,280.2540283203125,282.9188537597656,323.0313415527344,324.755615234375,335.5484619140625,338.45355224609375,359.2040710449219,364.6296691894531,367.3582763671875,375.4335632324219,384.1321716308594,385.7530822753906,388.8508605957031,391.5885925292969,395.8341369628906,396.7309875488281,400.1854553222656,407.0507507324219,408.6116638183594,412.9942932128906,417.62884521484375,417.966552734375,428.6463928222656,431.2037353515625,435.7250671386719,441.39794921875,442.8620910644531,450.7085266113281,451.9148864746094,453.43963623046875,453.68212890625,454.6005859375,454.849365234375,
483,191,1,5.257367134094238,107.21540069580078,111.44646453857422,114.14153289794922,114.6169204711914,118.11985778808594,118.2398681640625,122.59646606445312,125.0687484741211,125.51232147216797,128.51434326171875,129.40972900390625,130.42645263671875,131.08335876464844,132.1392059326172,132.63967895507812,132.85287475585938,135.32174682617188,137.4593048095703,138.69454956054688,138.7543487548828,138.82627868652344,142.4303436279297,143.42660522460938,143.43753051757812,145.26443481445312,146.4525909423828,149.00938415527344,149.15774536132812,149.5540771484375,151.66355895996094,153.91928100585938,156.6818084716797,157.20545959472656,159.9268035888672,161.39236450195312,161.79190063476562,162.0841827392578,162.3783721923828,162.55816650390625,165.24844360351562,166.16635131835938,167.07603454589844,169.3330841064453,171.70382690429688,174.3618927001953,174.9578857421875,178.4046630859375,179.1980438232422,182.10520935058594,
308,31,1,33.09280776977539,122.45343780517578,150.91114807128906,180.5450897216797,184.25115966796875,190.8018035888672,191.36598205566406,191.59051513671875,192.14285278320312,196.93374633789062,199.27757263183594,202.54002380371094,203.0435791015625,203.2103271484375,204.4667205810547,204.88510131835938,204.9868927001953,206.5083465576172,209.42420959472656,209.80433654785156,211.73321533203125,212.49365234375,213.43106079101562,214.4579315185547,215.9252471923828,215.95127868652344,217.35997009277344,217.7090301513672,218.98446655273438,219.21922302246094,223.1678466796875,223.32627868652344,224.33737182617188,226.02708435058594,226.51983642578125,226.75965881347656,226.9019775390625,229.51063537597656,233.0094451904297,234.2688446044922,235.357666015625,236.02064514160156,236.7830810546875,237.54196166992188,238.4083251953125,238.62936401367188,239.50270080566406,241.2488250732422,243.34423828125,247.36753845214844,
946,243,1,4.323650360107422,123.97421264648438,154.21408081054688,168.1356658935547,177.15231323242188,178.0721435546875,180.1094207763672,190.28219604492188,203.99545288085938,220.6678924560547,230.2388153076172,233.8698272705078,235.29327392578125,237.60104370117188,242.24658203125,247.8715362548828,250.90567016601562,253.9354248046875,254.9053192138672,259.60357666015625,259.88665771484375,262.5849609375,266.6791076660156,268.5516052246094,269.9465026855469,272.3443298339844,277.9486389160156,280.4088134765625,280.5310363769531,282.5606384277344,282.60992431640625,282.7799072265625,285.01568603515625,285.56842041015625,286.7168273925781,287.0853271484375,288.9308166503906,292.3570556640625,293.0265808105469,294.9125671386719,295.916748046875,295.955810546875,298.51153564453125,298.81317138671875,299.45343017578125,301.263427734375,301.911376953125,302.88616943359375,303.3139953613281,305.2903747558594,
430,194,1,1.6473422050476074,22.753145217895508,42.919273376464844,43.8653450012207,85.10333251953125,118.85662078857422,147.07655334472656,157.51828002929688,166.45301818847656,166.47833251953125,169.32130432128906,195.43934631347656,200.01841735839844,201.61285400390625,201.73806762695312,218.65028381347656,227.5249481201172,228.07293701171875,228.10768127441406,229.069091796875,231.52667236328125,233.54461669921875,244.2150421142578,246.8848876953125,249.29681396484375,253.873779296875,254.3238525390625,255.45126342773438,256.631591796875,257.3275451660156,259.1936950683594,259.7764892578125,262.81854248046875,265.3943786621094,267.3546447753906,272.91473388671875,273.6224670410156,275.2991027832031,275.36016845703125,277.56573486328125,278.7035217285156,279.2056884765625,282.4692687988281,284.3815002441406,284.6450500488281,286.0346984863281,287.5294494628906,289.3868713378906,289.5748291015625,290.92938232421875,
1619,283,1,1.0219205617904663,126.60490417480469,134.21505737304688,193.80812072753906,196.04588317871094,204.31390380859375,209.79981994628906,211.10194396972656,212.39247131347656,218.07589721679688,221.62521362304688,223.13681030273438,223.25157165527344,226.1675262451172,226.94874572753906,227.7252655029297,229.80792236328125,230.2659454345703,232.32142639160156,234.10174560546875,244.89927673339844,247.23648071289062,247.9964599609375,251.24766540527344,258.6651611328125,263.35809326171875,264.6925964355469,265.2565612792969,265.61553955078125,267.6332702636719,270.45867919921875,271.07098388671875,272.3984680175781,273.1759033203125,273.41143798828125,275.001953125,275.30047607421875,276.8836975097656,279.70428466796875,280.2225341796875,283.0125732421875,284.64984130859375,285.55303955078125,288.50128173828125,288.8458251953125,290.4605712890625,290.65252685546875,291.2359619140625,291.65887451171875,291.964111328125,
1650,299,1,2.2949671745300293,111.09872436523438,155.88230895996094,164.30239868164062,191.1215057373047,217.9621124267578,219.22486877441406,221.25827026367188,226.1360626220703,230.0841522216797,233.43182373046875,236.09664916992188,236.76292419433594,240.81912231445312,240.96078491210938,244.6375274658203,255.90463256835938,262.47918701171875,266.963134765625,270.0896911621094,272.9989318847656,275.17633056640625,281.5699157714844,282.02215576171875,282.31292724609375,283.652099609375,286.3980407714844,290.1554870605469,292.8207092285156,293.1497497558594,294.2290344238281,294.45758056640625,295.2445068359375,295.89349365234375,300.0272216796875,300.8426818847656,303.4244079589844,303.4896240234375,304.0433654785156,304.06109619140625,306.9230651855469,310.3442687988281,312.3570861816406,312.8341064453125,313.28155517578125,315.4424133300781,317.7347412109375,323.9540710449219,324.2798767089844,324.36358642578125,
459,199,1,4.038882732391357,25.037384033203125,126.92798614501953,153.4719696044922,164.93272399902344,173.35179138183594,180.75967407226562,181.24725341796875,184.0718536376953,194.07022094726562,199.67642211914062,199.72059631347656,204.44613647460938,216.3336639404297,218.39727783203125,220.20767211914062,227.9255828857422,229.04379272460938,231.78836059570312,234.0601806640625,240.81800842285156,243.46466064453125,245.93971252441406,246.0175323486328,246.26129150390625,246.45164489746094,247.20143127441406,247.5258331298828,248.09596252441406,249.36782836914062,251.91806030273438,252.09548950195312,253.3349609375,254.07086181640625,255.5326690673828,256.82177734375,261.32318115234375,261.8484191894531,262.55523681640625,262.9696350097656,268.34307861328125,270.7071838378906,271.28643798828125,272.3246765136719,272.36895751953125,276.42889404296875,276.46356201171875,276.9110107421875,277.68048095703125,278.60394287109375,
503,271,1,2.973938226699829,168.35791015625,256.3410339355469,258.93292236328125,265.1936340332031,268.2774658203125,287.0667419433594,289.69525146484375,297.94915771484375,324.4630432128906,327.1880798339844,338.59466552734375,338.8076477050781,341.5792236328125,350.1097106933594,350.3181457519531,355.31231689453125,358.99090576171875,360.3390197753906,362.6618957519531,365.2361145019531,372.2368469238281,374.23455810546875,380.68267822265625,385.15576171875,386.03173828125,391.5939025878906,392.43170166015625,397.6022033691406,400.04638671875,400.7983093261719,408.2686767578125,409.5364685058594,415.0898742675781,415.8005676269531,418.2772521972656,425.54034423828125,430.15966796875,431.65203857421875,434.7218322753906,434.9613342285156,435.64581298828125,435.9404296875,438.2606506347656,438.325927734375,440.40673828125,441.05218505859375,442.822509765625,443.1726379394531,444.6082763671875,
141,218,1,6.973851680755615,200.59959411621094,298.944580078125,303.7976989746094,309.45745849609375,311.3872375488281,314.2969055175781,325.33026123046875,330.9521484375,331.501708984375,333.6799011230469,340.8994140625,344.4302673339844,346.1981201171875,351.0004577636719,352.7210998535156,355.75921630859375,357.0472412109375,358.3689270019531,358.9584655761719,361.6239318847656,362.0403137207031,367.65472412109375,370.40948486328125,370.63958740234375,371.4271545410156,372.6156921386719,372.6568603515625,374.514892578125,374.58941650390625,375.2920227050781,379.013916015625,380.3225402832031,382.1077880859375,382.8016357421875,383.3272705078125,383.864013671875,384.8392028808594,384.87664794921875,385.5049743652344,385.7960205078125,386.10845947265625,386.32025146484375,387.3705139160156,389.3406677246094,390.34625244140625,391.53253173828125,393.94378662109375,396.2318420410156,397.1891174316406,
336,31,1,53.339107513427734,209.68621826171875,210.8983917236328,226.2979736328125,235.34539794921875,236.4068145751953,236.55023193359375,253.0037384033203,288.4701232910156,297.45452880859375,297.8430480957031,299.23101806640625,300.15008544921875,304.90692138671875,305.1432189941406,305.53515625,305.9591064453125,306.0274658203125,308.89093017578125,314.5464782714844,315.7288818359375,317.7918395996094,319.69635009765625,319.89093017578125,321.7880554199219,324.94354248046875,325.1860656738281,325.3460388183594,328.04150390625,328.4548034667969,331.276611328125,333.9775390625,336.2466735839844,337.906005859375,339.2628479003906,339.7446594238281,339.8872375488281,340.9045104980469,341.5559387207031,344.33782958984375,344.610107421875,347.0259094238281,347.2409362792969,347.920654296875,349.12567138671875,350.6638488769531,352.9462585449219,354.53277587890625,355.23297119140625,357.1885681152344,
515,330,1,4.498127460479736,94.73185729980469,103.27568817138672,108.1493148803711,115.74191284179688,122.02998352050781,122.11298370361328,122.3188247680664,128.4595489501953,132.22715759277344,132.97828674316406,136.38815307617188,139.74676513671875,142.76429748535156,143.0830078125,143.55662536621094,145.99574279785156,146.30233764648438,147.239013671875,150.8557586669922,151.949462890625,155.0091094970703,155.41302490234375,158.8041534423828,159.87904357910156,162.62564086914062,165.18470764160156,166.40216064453125,170.6936492919922,173.20718383789062,174.12203979492188,174.2546844482422,175.66407775878906,177.55191040039062,177.85865783691406,178.8853302001953,181.07102966308594,182.91212463378906,182.9866943359375,185.91810607910156,186.95692443847656,187.2571563720703,193.7818603515625,194.59629821777344,196.25648498535156,198.577392578125,201.32044982910156,204.2215118408203,205.4420623779297,206.12051391601562,
267,240,1,4.416267395019531,119.40596771240234,142.59332275390625,151.83810424804688,158.19126892089844,158.54176330566406,170.08131408691406,180.22802734375,184.1015167236328,187.29025268554688,190.71018981933594,195.2332305908203,200.38232421875,202.61422729492188,204.3568878173828,205.61895751953125,210.00686645507812,212.0819854736328,213.6189727783203,216.75082397460938,217.00552368164062,217.53387451171875,217.8507537841797,220.53378295898438,226.1724853515625,227.28512573242188,229.59228515625,229.93582153320312,231.77090454101562,235.718505859375,236.2025909423828,236.39630126953125,241.9397430419922,243.20945739746094,243.2423095703125,247.9045867919922,249.84994506835938,250.1326141357422,250.5113983154297,251.66098022460938,252.05148315429688,252.82359313964844,255.10430908203125,257.2898254394531,259.053955078125,259.83612060546875,260.1791687011719,261.4766845703125,261.61029052734375,263.6703796386719,
845,18,1,13.061403274536133,33.60330581665039,159.61355590820312,274.3582458496094,308.3726501464844,324.5349426269531,349.1615905761719,352.2740783691406,374.45867919921875,384.4849548339844,389.4940490722656,395.85418701171875,401.3252868652344,404.2999267578125,405.3396301269531,411.7176208496094,413.30560302734375,415.4124755859375,418.162841796875,421.77093505859375,424.5703430175781,439.0740661621094,441.6006164550781,447.8176574707031,453.1203308105469,457.506591796875,461.39959716796875,464.7374267578125,471.5798645019531,472.10284423828125,473.6011962890625,476.12811279296875,480.20941162109375,486.2213439941406,487.9764099121094,488.87933349609375,499.5450134277344,500.72540283203125,501.3155517578125,502.698486328125,504.224853515625,505.028564453125,506.28167724609375,507.6845703125,510.6961364746094,516.3333740234375,521.1566772460938,524.5150756835938,525.2997436523438,528.3583374023438,
637,226,1,4.9889960289001465,194.46896362304688,213.65768432617188,215.71519470214844,218.28494262695312,227.2432403564453,228.4707794189453,233.01300048828125,239.4932861328125,244.06939697265625,245.6398468017578,249.21852111816406,255.51004028320312,258.5500183105469,259.8902587890625,263.4322204589844,266.9090576171875,269.04168701171875,270.69500732421875,272.4192199707031,273.64678955078125,274.3669738769531,274.5158996582031,274.9277038574219,275.95965576171875,277.3871154785156,277.6832580566406,279.4826965332031,280.5277404785156,281.75469970703125,282.1289367675781,284.1766662597656,284.5220031738281,285.0066223144531,288.8956604003906,289.52386474609375,294.5728759765625,299.67633056640625,302.5757751464844,303.3343505859375,303.55426025390625,305.44696044921875,308.3999938964844,308.568603515625,309.169677734375,311.83099365234375,312.8976745605469,313.1605529785156,313.38140869140625,314.7975158691406,
199,214,1,4.475287437438965,50.26155090332031,63.62159729003906,90.03759002685547,98.0286636352539,111.07198333740234,112.24949645996094,127.08321380615234,129.10256958007812,133.16671752929688,135.56214904785156,136.19871520996094,140.41429138183594,142.89991760253906,145.1468048095703,145.17279052734375,153.09075927734375,157.81175231933594,158.15773010253906,165.2439422607422,165.5101318359375,170.34490966796875,172.76947021484375,173.6396026611328,178.2825927734375,179.48638916015625,181.4723358154297,182.4189910888672,186.2877197265625,186.6741943359375,187.2882080078125,188.427490234375,189.93756103515625,191.11740112304688,195.5058135986328,198.40335083007812,198.44139099121094,198.91224670410156,200.50637817382812,201.57594299316406,201.91148376464844,205.30093383789062,205.57974243164062,206.16957092285156,207.4223175048828,208.4969482421875,210.031005859375,211.68930053710938,213.74905395507812,215.34840393066406,
1505,284,1,6.781917572021484,312.18096923828125,329.0865478515625,344.1146545410156,372.3894348144531,381.4739074707031,417.8023376464844,420.6322326660156,424.7510986328125,426.5264587402344,427.009521484375,434.17095947265625,436.93463134765625,438.27935791015625,450.4707946777344,454.38787841796875,454.927734375,456.2575988769531,462.1679382324219,465.6478576660156,468.4201354980469,472.3425598144531,483.80731201171875,489.32989501953125,493.51641845703125,493.6602783203125,493.6618957519531,495.5324401855469,498.2398376464844,498.6912536621094,502.29522705078125,502.93896484375,508.8572692871094,513.0941162109375,513.3572387695312,518.9603881835938,523.8766479492188,531.3530883789062,535.6832275390625,536.6343994140625,539.290283203125,543.2319946289062,544.9432983398438,547.9230346679688,548.5089111328125,549.3821411132812,550.4984741210938,552.030029296875,554.5057373046875,554.699462890625,
795,20,1,38.082767486572266,118.4611587524414,130.92147827148438,139.23489379882812,166.656982421875,167.98858642578125,176.66688537597656,191.1014862060547,200.56866455078125,206.15635681152344,206.32850646972656,209.5245819091797,212.9578857421875,214.0367431640625,215.39183044433594,217.1508026123047,217.4638214111328,217.7735137939453,218.28367614746094,222.8346710205078,229.87281799316406,232.2301483154297,236.3619842529297,237.25640869140625,238.65167236328125,241.93914794921875,245.2130584716797,248.35215759277344,250.24539184570312,250.84498596191406,251.54368591308594,253.03268432617188,253.29762268066406,253.4701385498047,254.52902221679688,255.1507110595703,255.6663055419922,259.0368347167969,259.724609375,259.7805480957031,260.1028747558594,260.2989807128906,260.61761474609375,262.0573425292969,262.60015869140625,268.1502990722656,270.5267028808594,271.7584533691406,273.0435791015625,273.6898498535156,
1048,244,1,1.1824054718017578,38.69847106933594,80.3989486694336,102.54853057861328,104.06298065185547,107.23045349121094,117.94093322753906,118.591552734375,122.34624481201172,124.34349060058594,126.31803131103516,126.78828430175781,132.44944763183594,133.34234619140625,134.05812072753906,135.5577392578125,139.97824096679688,140.54129028320312,144.29107666015625,147.19088745117188,149.25950622558594,150.07017517089844,152.7967071533203,154.4356689453125,154.6490020751953,155.28956604003906,155.55795288085938,156.87503051757812,157.10494995117188,160.47390747070312,160.66090393066406,161.10455322265625,161.7776336669922,163.9779510498047,166.22459411621094,168.65489196777344,168.74842834472656,173.07928466796875,175.19219970703125,176.57785034179688,177.86338806152344,179.802734375,181.2249755859375,181.2377471923828,181.37718200683594,181.84922790527344,183.411865234375,186.25515747070312,187.05760192871094,187.7982940673828,
1704,281,1,1.8462388515472412,93.78977966308594,205.5821075439453,214.68785095214844,228.36630249023438,228.94320678710938,247.27317810058594,276.0721740722656,282.08917236328125,292.7721862792969,295.01739501953125,299.7769470214844,305.56854248046875,307.70172119140625,311.8280944824219,311.9439697265625,313.93731689453125,318.74407958984375,318.9524230957031,321.1573181152344,321.5119323730469,322.3979187011719,327.5728759765625,328.2882995605469,331.6470031738281,333.4664001464844,336.0225830078125,337.4625244140625,338.7593994140625,341.5327453613281,347.7495422363281,350.60296630859375,357.84698486328125,361.0850830078125,362.31085205078125,362.9102783203125,367.11444091796875,367.7289123535156,373.07147216796875,376.9704895019531,377.1080322265625,377.1827087402344,377.2791442871094,379.0663757324219,380.2070617675781,380.7201232910156,382.9039001464844,384.9911193847656,385.4971923828125,389.491943359375,
1203,246,1,1.2520757913589478,61.95039367675781,73.60802459716797,84.28253173828125,91.91509246826172,93.5784912109375,97.2242202758789,102.91082763671875,105.06686401367188,107.44937133789062,137.17591857910156,137.84613037109375,146.8716583251953,147.6490478515625,148.43136596679688,149.53062438964844,151.66566467285156,158.83200073242188,159.74185180664062,161.01011657714844,165.07777404785156,171.0511474609375,171.75314331054688,177.48780822753906,178.6826629638672,181.47686767578125,186.6327667236328,187.64251708984375,188.43475341796875,189.99618530273438,190.7217559814453,195.62277221679688,198.4287567138672,204.17752075195312,207.0864715576172,210.35301208496094,210.48614501953125,216.25108337402344,218.83717346191406,220.60678100585938,223.75186157226562,224.34619140625,225.83099365234375,227.63067626953125,235.02581787109375,235.7371368408203,237.4953155517578,238.39498901367188,239.58009338378906,242.25433349609375,
1645,284,1,4.0525383949279785,231.54446411132812,278.3658142089844,295.4411926269531,321.5022888183594,332.8193054199219,334.9562683105469,347.1458435058594,347.41363525390625,362.22796630859375,362.3751220703125,363.5401611328125,370.1103210449219,371.2532958984375,372.71051025390625,376.55914306640625,384.9503173828125,385.1723937988281,392.3648376464844,397.4050598144531,401.1729736328125,401.8746643066406,406.3519592285156,408.6695861816406,408.7572326660156,411.77166748046875,412.53521728515625,415.4097900390625,417.4630432128906,417.5730895996094,420.24810791015625,421.4940185546875,422.0439758300781,422.6229553222656,423.3629455566406,423.370849609375,424.85699462890625,426.456298828125,426.9559326171875,428.52337646484375,430.9772644042969,431.2990417480469,432.5259094238281,433.0543518066406,435.5862731933594,438.69976806640625,441.2426452636719,442.5604553222656,443.0572204589844,445.88543701171875,
1197,257,1,1.8186695575714111,12.995973587036133,247.1494140625,265.56304931640625,296.5447082519531,316.7212829589844,316.7897644042969,319.866455078125,324.3119812011719,337.6152038574219,343.02093505859375,345.0021667480469,346.4887390136719,347.4742126464844,350.74951171875,353.1424560546875,353.5509948730469,358.6925354003906,360.8691711425781,362.6108703613281,370.2604064941406,376.6139221191406,382.507568359375,387.3717346191406,388.7402038574219,399.78399658203125,402.92340087890625,402.99237060546875,404.8201599121094,407.33929443359375,407.71142578125,408.4678039550781,409.0111389160156,412.5108337402344,418.81024169921875,418.96270751953125,423.54351806640625,424.0249328613281,424.8265686035156,425.88934326171875,428.0326843261719,429.4745788574219,429.48248291015625,431.5572509765625,434.42578125,434.58489990234375,434.6459655761719,435.2944641113281,435.44671630859375,439.1012268066406,
1404,288,1,1.7379950284957886,261.70794677734375,300.3139953613281,300.6589050292969,382.6264343261719,387.06170654296875,391.4184875488281,396.2241516113281,400.572509765625,402.18585205078125,412.4083251953125,423.81658935546875,429.61175537109375,431.89508056640625,437.4976806640625,439.1656188964844,442.8571472167969,452.048828125,463.3114929199219,467.717529296875,472.93524169921875,473.4134826660156,483.6001892089844,485.6050109863281,488.6568298339844,490.8097229003906,495.93951416015625,505.250244140625,505.5558776855469,515.6309204101562,516.6289672851562,517.6529541015625,523.8643798828125,533.7913208007812,544.0044555664062,548.7378540039062,550.0139770507812,551.5371704101562,560.9765625,561.6532592773438,562.9373779296875,563.3203125,566.8174438476562,570.095703125,585.0867309570312,586.570068359375,590.100341796875,593.8416748046875,595.4017333984375,595.661376953125,
1143,252,1,1.7732465267181396,65.6831283569336,68.38858795166016,95.61942291259766,97.60350036621094,99.00774383544922,99.05931091308594,104.1380615234375,112.04969024658203,112.7988052368164,113.01090240478516,113.24983978271484,113.97905731201172,115.29926300048828,117.13773345947266,118.4439697265625,120.6620101928711,129.3853302001953,134.23883056640625,136.0579071044922,136.49171447753906,139.01080322265625,140.7734832763672,143.98043823242188,144.55091857910156,149.63458251953125,154.68824768066406,162.14950561523438,163.6297607421875,164.21949768066406,166.70819091796875,171.5808868408203,171.94496154785156,174.70252990722656,176.56178283691406,177.625244140625,180.28797912597656,182.97845458984375,184.0442657470703,185.7767791748047,185.81419372558594,187.889404296875,188.08815002441406,188.27822875976562,188.57705688476562,193.3699493408203,193.42454528808594,195.96426391601562,197.40675354003906,197.4516143798828,
738,197,1,4.568233013153076,65.92221069335938,70.4309310913086,74.49166107177734,76.64160919189453,80.54547882080078,82.52596282958984,83.64004516601562,95.36392974853516,96.61238861083984,98.46981811523438,100.3522720336914,101.05579376220703,101.50751495361328,103.32708740234375,108.86532592773438,112.44430541992188,114.46929168701172,118.63111877441406,123.71613311767578,124.91206359863281,126.33601379394531,126.52350616455078,129.9139862060547,134.81875610351562,138.4677734375,142.6811981201172,145.79928588867188,146.85939025878906,155.21847534179688,155.6751708984375,155.81593322753906,155.93679809570312,157.63580322265625,158.75985717773438,163.80979919433594,166.18173217773438,170.50506591796875,170.70616149902344,173.2947540283203,176.92527770996094,179.15536499023438,180.19876098632812,182.5119171142578,189.33665466308594,191.65859985351562,192.07725524902344,192.9291229248047,196.75411987304688,198.86932373046875,
1729,295,1,8.547261238098145,168.29969787597656,180.6122283935547,196.70079040527344,197.47476196289062,204.54920959472656,213.1156463623047,214.96897888183594,216.16281127929688,222.58920288085938,235.77847290039062,253.27951049804688,253.41831970214844,254.7808837890625,257.41552734375,261.3179016113281,267.4620056152344,277.8857727050781,277.9643249511719,278.1395263671875,279.8255920410156,282.5044250488281,284.175537109375,291.9593811035156,293.2691650390625,297.8838195800781,304.353515625,311.3505859375,313.9228820800781,319.66015625,320.0563659667969,321.1307678222656,321.9384460449219,325.65777587890625,327.5189208984375,327.9540100097656,328.7944030761719,329.02789306640625,331.7193298339844,334.9857177734375,336.8530578613281,336.87420654296875,346.78125,349.96417236328125,352.74395751953125,352.979736328125,354.451171875,355.74395751953125,358.8353576660156,363.3469543457031,
1016,255,1,1.854942798614502,67.52490234375,70.57528686523438,79.14627075195312,82.962890625,83.24717712402344,93.05347442626953,94.61282348632812,95.16493225097656,99.76971435546875,100.85029602050781,107.02729034423828,111.81443786621094,113.53031921386719,114.3352279663086,115.05079650878906,115.1051254272461,115.27059936523438,119.30279541015625,119.95223236083984,122.68993377685547,123.35798645019531,124.76948547363281,128.7855224609375,130.73240661621094,133.1664276123047,133.64613342285156,133.69918823242188,135.68592834472656,136.82469177246094,139.07522583007812,139.58700561523438,143.63967895507812,145.08343505859375,146.84750366210938,147.981689453125,151.3216552734375,152.68702697753906,153.5652618408203,154.06346130371094,154.36813354492188,155.3597869873047,155.99317932128906,157.1521759033203,157.99037170410156,158.36846923828125,163.7323760986328,164.20199584960938,166.59535217285156,167.43629455566406,
699,198,1,10.296553611755371,180.3150177001953,191.43716430664062,192.6869659423828,196.01197814941406,200.64813232421875,206.09902954101562,206.3868865966797,212.916748046875,221.435302734375,223.0647430419922,223.09451293945312,223.3859100341797,226.029541015625,226.28602600097656,227.15939331054688,228.0955047607422,229.5088653564453,229.70672607421875,233.0514678955078,234.23594665527344,238.10902404785156,242.2775421142578,247.3600311279297,248.55506896972656,249.41110229492188,253.28662109375,255.52894592285156,257.35076904296875,257.9146423339844,261.8127136230469,264.2005920410156,264.9674377441406,266.7837219238281,267.9620056152344,269.515625,275.57208251953125,276.239990234375,276.5566711425781,276.5603332519531,277.98162841796875,279.4630126953125,281.03582763671875,281.75177001953125,281.83367919921875,284.9886169433594,285.0738830566406,286.8976135253906,286.91375732421875,287.9203796386719,
380,191,1,1.5223201513290405,12.322516441345215,49.97431182861328,60.541748046875,63.871212005615234,69.15235900878906,86.02838897705078,105.46698760986328,112.45948791503906,128.4625244140625,133.7130889892578,142.5071563720703,143.73667907714844,151.61184692382812,157.9937744140625,162.9477996826172,173.66378784179688,175.65771484375,178.960693359375,186.84620666503906,190.87554931640625,192.12062072753906,195.1414031982422,203.47430419921875,208.3540496826172,210.59503173828125,210.80160522460938,212.8420867919922,213.68450927734375,216.29486083984375,217.88568115234375,219.1133270263672,223.22837829589844,223.86703491210938,224.84323120117188,226.59384155273438,226.60670471191406,231.3887176513672,231.99786376953125,243.16253662109375,244.4156494140625,246.87493896484375,249.43446350097656,249.6409454345703,249.97315979003906,251.00448608398438,253.93251037597656,256.7481689453125,257.2102355957031,263.0679931640625,
1140,268,1,1.6856878995895386,68.43547058105469,78.2610092163086,85.60906982421875,94.5203857421875,96.45977783203125,99.4951400756836,102.81261444091797,103.60749053955078,107.7727279663086,110.77203369140625,110.93555450439453,114.178466796875,125.14994812011719,126.23392486572266,126.60953521728516,127.30943298339844,127.59595489501953,132.83985900878906,133.4728240966797,135.22901916503906,135.5234832763672,136.0728759765625,136.850341796875,139.1670379638672,142.11715698242188,147.36563110351562,148.6494598388672,149.9703369140625,151.0865936279297,152.0768585205078,153.66204833984375,155.4017333984375,163.44732666015625,167.10546875,170.1298828125,173.8856658935547,177.18878173828125,178.1060028076172,179.90451049804688,179.9940643310547,182.96820068359375,183.59646606445312,183.63949584960938,183.85813903808594,186.35861206054688,187.26255798339844,187.36325073242188,188.36965942382812,189.67947387695312,
526,267,1,6.837053298950195,101.30518341064453,104.70594024658203,107.98811340332031,111.94991302490234,112.68173217773438,114.29097747802734,119.86527252197266,125.35580444335938,128.42848205566406,132.87811279296875,136.8938751220703,137.17996215820312,140.57577514648438,141.85032653808594,145.84674072265625,146.2397918701172,146.3111572265625,147.35916137695312,147.3708953857422,147.78431701660156,153.66909790039062,154.60726928710938,156.04278564453125,162.5651092529297,165.5856475830078,165.59466552734375,166.29141235351562,169.64096069335938,171.46347045898438,172.97598266601562,173.8592071533203,176.5751953125,178.03115844726562,178.2523956298828,178.4980010986328,179.92945861816406,180.19241333007812,182.69659423828125,182.83840942382812,183.52598571777344,184.91526794433594,186.4559783935547,187.88238525390625,189.19100952148438,189.45565795898438,190.31007385253906,191.96632385253906,193.78184509277344,196.0483856201172,
1122,248,1,1.9204803705215454,190.34405517578125,203.09033203125,209.72735595703125,210.3948516845703,243.51307678222656,246.4410858154297,248.24447631835938,249.6978759765625,255.5516357421875,260.3675842285156,264.14154052734375,264.4314880371094,270.084228515625,275.0008239746094,276.66705322265625,281.89288330078125,282.01263427734375,282.1700134277344,286.1883544921875,286.7801818847656,286.7831726074219,288.8863525390625,290.8271484375,292.04974365234375,292.5178527832031,293.0384216308594,294.6565246582031,295.7476501464844,301.8688049316406,303.9200744628906,306.7449035644531,307.6274719238281,308.3415222167969,309.78155517578125,310.0795593261719,314.3038330078125,315.41961669921875,316.96807861328125,321.9919128417969,323.6566162109375,325.9790344238281,327.5492248535156,328.189453125,329.619140625,334.0599670410156,336.3139343261719,340.3411865234375,342.4951171875,342.4956970214844,
975,259,1,1.214044451713562,47.40116500854492,87.20671844482422,96.17330169677734,99.41805267333984,101.623046875,104.22732543945312,111.47357177734375,116.3967514038086,116.46992492675781,120.0530014038086,124.02312469482422,125.23690032958984,125.31352233886719,126.15494537353516,126.6697998046875,126.86654663085938,130.04690551757812,130.4378662109375,136.74978637695312,137.21371459960938,147.16970825195312,150.59268188476562,154.0819854736328,155.41529846191406,159.57968139648438,165.0914764404297,165.1429443359375,165.9411163330078,166.0517578125,168.82569885253906,171.4646759033203,174.47940063476562,177.6827392578125,180.19607543945312,181.5037841796875,181.53956604003906,181.75062561035156,186.0836639404297,187.0378875732422,187.4540557861328,188.1979217529297,188.4470672607422,188.6132049560547,191.20018005371094,193.07394409179688,193.986572265625,196.21763610839844,197.4989013671875,198.66151428222656,
1359,289,1,1.6232078075408936,153.48623657226562,158.62164306640625,174.0869598388672,190.28155517578125,196.4239959716797,201.85116577148438,209.0677032470703,210.08351135253906,217.30311584472656,220.65814208984375,222.922119140625,225.0360565185547,227.58985900878906,241.6572265625,246.5875701904297,256.4110412597656,258.2577819824219,258.6438903808594,263.653564453125,270.4789733886719,273.30419921875,273.38201904296875,274.48150634765625,274.52490234375,276.8230285644531,276.91473388671875,279.9938049316406,280.39697265625,281.934326171875,282.02972412109375,283.34515380859375,286.27947998046875,286.8868103027344,289.1340026855469,289.2796630859375,291.4405517578125,293.7745056152344,295.4423522949219,299.04376220703125,300.0103454589844,304.3533020019531,306.0132141113281,306.8084716796875,307.64190673828125,308.2967529296875,312.5686950683594,313.344482421875,313.4708557128906,315.9202575683594,
1492,285,1,2.0812954902648926,135.0285186767578,137.85064697265625,142.3544158935547,205.6738739013672,218.01419067382812,224.46241760253906,240.9990692138672,270.3691101074219,271.6004333496094,272.06463623046875,293.7648010253906,305.50115966796875,316.988525390625,320.3667907714844,321.56884765625,327.2985534667969,328.5985107421875,337.4360046386719,342.1055908203125,360.2272033691406,363.7705078125,370.24188232421875,372.4549865722656,377.2568664550781,377.9333190917969,379.74658203125,379.8949279785156,380.2395324707031,381.3587646484375,382.07666015625,384.2326965332031,387.53369140625,389.1358642578125,390.3831481933594,393.1414489746094,394.4544677734375,396.1131286621094,400.6795349121094,401.8747863769531,402.1998291015625,402.55853271484375,402.8118896484375,403.84283447265625,407.77764892578125,407.86962890625,407.94940185546875,408.18426513671875,409.9676513671875,413.5105895996094,
202,191,1,2.2547504901885986,141.86135864257812,164.80389404296875,167.15591430664062,169.5989532470703,172.9136962890625,174.3094940185547,182.2720489501953,183.30059814453125,210.04486083984375,213.07154846191406,215.51092529296875,217.00897216796875,218.47080993652344,219.4693603515625,222.56446838378906,224.50450134277344,227.3892364501953,228.96461486816406,229.00924682617188,229.59512329101562,229.6240234375,229.6426544189453,229.7819366455078,230.28863525390625,235.6065216064453,236.75660705566406,239.1361083984375,240.60565185546875,240.9542236328125,244.14596557617188,246.91128540039062,248.20947265625,251.10549926757812,251.46099853515625,251.6551513671875,254.24183654785156,256.1191101074219,257.0110168457031,259.5703430175781,260.46551513671875,261.67474365234375,265.82647705078125,266.0638427734375,266.73297119140625,266.9574890136719,267.0129089355469,267.2174987792969,269.64453125,272.90338134765625,
1051,259,1,4.652624607086182,138.83509826660156,145.19720458984375,157.8590087890625,159.40122985839844,159.9073486328125,160.54598999023438,163.39414978027344,164.34326171875,168.92529296875,169.34165954589844,170.6880645751953,171.5098419189453,171.61907958984375,178.2784881591797,178.55880737304688,182.49435424804688,183.06007385253906,183.49119567871094,183.8031005859375,190.99078369140625,191.55638122558594,192.8275146484375,193.52359008789062,193.5247039794922,197.13470458984375,197.78353881835938,198.48851013183594,199.0470428466797,199.43045043945312,202.85269165039062,203.94818115234375,205.118408203125,205.7984619140625,206.0447235107422,206.989013671875,207.93182373046875,208.0789794921875,210.75209045410156,212.48199462890625,218.8002166748047,220.89312744140625,221.21759033203125,222.69509887695312,223.04360961914062,224.9254913330078,226.9437713623047,226.99346923828125,227.84426879882812,229.45567321777344,
1577,280,1,1.8270713090896606,27.395767211914062,148.7161865234375,174.4952392578125,175.47389221191406,180.4072723388672,183.55235290527344,193.27499389648438,207.15042114257812,212.4969024658203,214.0343475341797,215.47447204589844,223.2059783935547,230.82017517089844,238.1160125732422,250.27767944335938,256.1331481933594,268.9749450683594,271.8692626953125,274.68035888671875,277.2789611816406,277.8349304199219,277.98858642578125,284.09588623046875,288.7827453613281,291.34393310546875,292.6061706542969,293.1733093261719,293.72381591796875,294.2590026855469,294.78656005859375,295.3419494628906,295.7846374511719,301.75323486328125,304.7980041503906,308.3134460449219,308.43109130859375,309.08868408203125,309.68463134765625,309.85382080078125,312.0574645996094,314.56903076171875,314.74432373046875,314.9191589355469,315.0412902832031,315.1759948730469,318.1888732910156,318.3529968261719,319.65838623046875,321.3687438964844,
154,237,1,4.178439617156982,285.01568603515625,297.9862060546875,353.5499572753906,357.1102600097656,393.5103759765625,396.04071044921875,399.6871337890625,405.53582763671875,410.0350646972656,415.1654357910156,416.141845703125,422.4359436035156,423.9714660644531,434.27166748046875,434.2921447753906,446.010986328125,448.5829162597656,450.1325378417969,456.77508544921875,459.01470947265625,459.36431884765625,462.01129150390625,463.4782409667969,467.5934143066406,469.1525573730469,473.6045837402344,474.5897216796875,480.7718200683594,480.7892150878906,481.2388916015625,482.83831787109375,485.85736083984375,486.4391174316406,486.7119445800781,486.913330078125,489.9894714355469,490.8512878417969,491.08453369140625,491.256591796875,491.3916320800781,493.15753173828125,496.1279602050781,500.04974365234375,502.614990234375,503.3707580566406,503.4037780761719,503.62646484375,506.8216247558594,509.3625793457031,
1149,249,1,1.8046132326126099,75.75948333740234,77.97003936767578,79.96454620361328,87.34961700439453,88.81035614013672,90.0650863647461,90.38334655761719,104.86116027832031,112.25750732421875,118.71003723144531,118.73172760009766,122.69746398925781,126.3589096069336,127.53202056884766,128.89804077148438,130.7266845703125,130.97872924804688,132.207763671875,133.7870330810547,135.23533630371094,137.90960693359375,138.357666015625,140.83392333984375,141.46681213378906,144.0835723876953,144.51809692382812,147.18258666992188,150.37489318847656,151.43341064453125,151.61647033691406,155.10031127929688,155.94873046875,157.67233276367188,157.9267120361328,159.38467407226562,160.61349487304688,162.39430236816406,163.3466796875,164.520751953125,164.53334045410156,164.5825958251953,166.65841674804688,167.54478454589844,169.05613708496094,172.34237670898438,173.93882751464844,177.06094360351562,177.20309448242188,177.61700439453125,
1548,288,1,2.012901782989502,109.10285949707031,130.18162536621094,156.1648406982422,164.18490600585938,165.4787139892578,172.3460693359375,176.1346435546875,183.67782592773438,189.71945190429688,192.0657501220703,194.06484985351562,202.80079650878906,202.96633911132812,211.0298614501953,211.99737548828125,214.16213989257812,214.8050994873047,215.34616088867188,215.6859130859375,217.177001953125,219.25808715820312,221.42758178710938,223.79107666015625,224.87493896484375,226.38726806640625,227.10116577148438,228.3267822265625,229.03518676757812,231.04026794433594,231.8619842529297,232.84344482421875,233.30052185058594,235.03787231445312,235.98040771484375,240.4687957763672,242.0425262451172,242.69189453125,245.00238037109375,247.46990966796875,247.48292541503906,250.3671112060547,250.8824005126953,251.2445068359375,252.24342346191406,252.4687042236328,253.10928344726562,255.2549591064453,258.4317626953125,259.1759338378906,
530,268,1,3.251352548599243,205.0723419189453,224.26292419433594,250.7642822265625,256.36639404296875,256.9827575683594,278.798828125,281.3389587402344,288.5946044921875,289.4045104980469,291.71820068359375,298.162353515625,301.4286193847656,304.8023681640625,307.7079162597656,310.9039001464844,311.4213562011719,311.70831298828125,313.2233581542969,317.1942443847656,322.0373229980469,323.5398254394531,330.3589782714844,341.0391540527344,345.57940673828125,347.14349365234375,347.6466064453125,351.1497497558594,353.66705322265625,355.21710205078125,355.9825744628906,357.78564453125,359.5203857421875,360.8800354003906,362.3800354003906,363.36175537109375,364.2525634765625,366.52874755859375,368.1119689941406,377.41070556640625,378.1138916015625,378.31494140625,378.51776123046875,380.6310729980469,380.95086669921875,384.6427001953125,387.1250915527344,387.3726806640625,388.3172912597656,389.05438232421875,
869,20,1,14.045134544372559,121.142578125,167.59104919433594,176.5738983154297,198.01559448242188,198.28335571289062,203.2776641845703,217.5484619140625,219.59861755371094,222.63314819335938,224.80213928222656,232.40504455566406,233.52615356445312,237.34857177734375,238.82420349121094,239.24464416503906,239.49696350097656,246.7765350341797,246.9308624267578,247.5509033203125,248.65394592285156,248.91058349609375,249.64315795898438,249.9602508544922,253.51467895507812,254.9720916748047,256.9725341796875,257.39013671875,258.4941101074219,258.7694396972656,260.4242248535156,260.8307800292969,267.3808898925781,268.354736328125,270.0730285644531,273.7437438964844,273.91015625,276.8960266113281,278.0723876953125,278.6315002441406,278.7049255371094,279.4591369628906,280.6168212890625,280.9389953613281,281.69696044921875,282.3585205078125,285.6377868652344,286.23455810546875,288.0111999511719,288.3851623535156,
238,53,1,8.22510814666748,58.645050048828125,80.06060028076172,90.68582916259766,103.7770004272461,104.25519561767578,108.64219665527344,109.76573944091797,119.44361877441406,121.10962677001953,123.8263931274414,125.41057586669922,127.66608428955078,137.18101501464844,137.47789001464844,142.97023010253906,145.77085876464844,148.73031616210938,151.60191345214844,154.01976013183594,158.12013244628906,159.98605346679688,160.1489715576172,163.9172821044922,164.6573486328125,172.3841552734375,174.33987426757812,175.94720458984375,176.62637329101562,177.65863037109375,177.94691467285156,178.55078125,180.2439422607422,185.52902221679688,186.6752471923828,188.93865966796875,190.43446350097656,191.404296875,191.92486572265625,191.9969940185547,192.2650909423828,200.4103546142578,201.5454559326172,202.12945556640625,206.1602325439453,208.91978454589844,210.0295867919922,212.3174285888672,212.36138916015625,213.59754943847656,
268,236,1,3.5466601848602295,176.59133911132812,198.55648803710938,211.53895568847656,213.8223114013672,219.46263122558594,228.33316040039062,233.5725860595703,242.52960205078125,246.80899047851562,253.01068115234375,253.60549926757812,254.7584228515625,262.7087097167969,265.7555847167969,267.3157653808594,268.31787109375,270.15850830078125,272.117919921875,272.4680480957031,272.93017578125,274.0592956542969,274.6026306152344,277.770263671875,278.0044250488281,278.2987976074219,282.83758544921875,284.17413330078125,285.575439453125,288.4698791503906,289.62957763671875,291.53387451171875,292.1867980957031,293.1617126464844,293.2119445800781,293.64068603515625,295.14984130859375,298.77276611328125,299.0777587890625,300.32452392578125,300.64019775390625,302.55810546875,306.2149963378906,310.3102722167969,310.8891906738281,311.0949401855469,311.6248474121094,312.12896728515625,321.5360412597656,322.36285400390625,
1609,296,1,3.2673187255859375,28.818384170532227,31.64199447631836,138.91943359375,153.1302490234375,153.20504760742188,155.54466247558594,174.20501708984375,178.4797821044922,178.6571502685547,183.10955810546875,217.63818359375,226.9329071044922,233.71929931640625,251.9636993408203,256.9509582519531,262.1405334472656,262.17822265625,264.26287841796875,267.6446838378906,270.0014343261719,270.9007568359375,271.8920593261719,276.23297119140625,280.24676513671875,281.2693786621094,285.82763671875,286.6601867675781,288.0462951660156,290.2825622558594,291.1866760253906,291.890625,292.7949523925781,297.10357666015625,300.7747802734375,302.75347900390625,306.1603088378906,307.2555847167969,307.8356628417969,308.762451171875,309.076904296875,310.0716247558594,313.5203857421875,318.9646301269531,319.7873840332031,319.92498779296875,320.2394104003906,320.746826171875,321.0993957519531,322.27996826171875,
854,18,1,31.556760787963867,89.38402557373047,119.3931884765625,120.20000457763672,124.12871551513672,126.4579086303711,127.61577606201172,129.76278686523438,144.71786499023438,148.55787658691406,152.08322143554688,154.317626953125,158.6317596435547,165.2211456298828,165.3656005859375,167.5740509033203,171.0607452392578,172.73074340820312,177.8220672607422,177.87940979003906,182.47113037109375,184.01182556152344,186.1181182861328,189.4541015625,193.9117431640625,195.3961944580078,195.7263946533203,195.77438354492188,196.91177368164062,197.1665802001953,199.2578582763672,199.35330200195312,200.29115295410156,202.49322509765625,204.9744415283203,207.00697326660156,213.46778869628906,213.88941955566406,214.19033813476562,217.4337158203125,218.61331176757812,220.94430541992188,223.10113525390625,223.94740295410156,225.03504943847656,225.33056640625,229.20169067382812,233.5792236328125,234.49485778808594,237.38601684570312,
739,188,1,4.315056324005127,282.6465148925781,301.24261474609375,315.10723876953125,317.27850341796875,322.6969909667969,330.74102783203125,340.7400207519531,343.381591796875,360.29217529296875,362.86993408203125,363.91973876953125,369.2359313964844,382.6767578125,383.6756591796875,384.46734619140625,387.6677551269531,390.6061096191406,390.8108825683594,393.7220153808594,396.6487121582031,399.40252685546875,402.5427551269531,403.7642517089844,414.805908203125,422.60247802734375,427.7381591796875,431.6625671386719,433.2901916503906,433.6201171875,437.0132751464844,438.65460205078125,444.34857177734375,444.5889587402344,444.6268310546875,451.59918212890625,452.3995361328125,455.3746337890625,459.8121643066406,462.1980895996094,462.5673828125,464.790283203125,465.2950134277344,465.4169006347656,465.53765869140625,466.0390319824219,469.58349609375,470.13531494140625,471.556640625,477.5419616699219,
1038,240,1,2.183058261871338,279.4320373535156,296.9648132324219,306.8215026855469,317.86944580078125,318.86883544921875,321.847900390625,322.5795593261719,323.1664123535156,324.6498107910156,325.10205078125,327.10211181640625,328.3192443847656,332.87237548828125,334.44000244140625,342.14959716796875,343.23748779296875,343.33465576171875,345.01361083984375,345.0164489746094,346.3050537109375,349.0409851074219,350.595703125,353.7096252441406,354.7223205566406,355.3670654296875,357.85650634765625,361.27166748046875,364.04168701171875,366.142822265625,366.89910888671875,369.8307189941406,371.1509704589844,372.4212951660156,373.3306579589844,373.4709777832031,378.5670471191406,379.7698669433594,382.0906066894531,382.28509521484375,382.9468994140625,383.1953125,385.7275390625,387.4934997558594,388.44195556640625,389.4665832519531,392.6806640625,393.42767333984375,394.3135986328125,395.3403015136719,
125,10,1,9.186789512634277,76.1682357788086,77.94342041015625,80.43247985839844,83.21709442138672,86.78893280029297,87.5882339477539,110.93010711669922,112.635986328125,114.6424789428711,115.67533874511719,120.06446838378906,125.30612182617188,126.19892120361328,127.72293090820312,128.4955291748047,128.7472381591797,132.83331298828125,133.37673950195312,134.30194091796875,141.19557189941406,144.10198974609375,145.1854705810547,146.14630126953125,150.62252807617188,157.0289764404297,157.7721710205078,158.17596435546875,159.0607452392578,159.46986389160156,159.8716583251953,160.27183532714844,160.3328857421875,161.7487030029297,167.02005004882812,167.1791229248047,169.8616485595703,170.4832763671875,172.65972900390625,174.49185180664062,174.80078125,175.28350830078125,176.97694396972656,178.57147216796875,185.5576934814453,186.69998168945312,190.02334594726562,190.33639526367188,191.17013549804688,191.80177307128906,
1415,298,1,1.7057559490203857,121.43746185302734,140.5764617919922,155.31619262695312,172.26898193359375,173.70089721679688,187.32948303222656,193.30557250976562,194.93865966796875,200.61407470703125,202.53500366210938,203.82159423828125,207.1646728515625,208.07025146484375,209.23072814941406,209.37258911132812,210.9296417236328,214.71424865722656,216.30865478515625,216.7127685546875,217.34144592285156,217.71958923339844,220.61679077148438,222.33343505859375,222.87396240234375,229.2069091796875,232.67257690429688,233.1411895751953,233.7105255126953,234.15919494628906,236.2386932373047,237.4237060546875,237.6903076171875,238.6943359375,241.04542541503906,241.16368103027344,241.69786071777344,243.04481506347656,244.3186798095703,246.90444946289062,247.05043029785156,247.7431182861328,253.2465362548828,254.782958984375,255.10891723632812,255.25439453125,260.521484375,260.8782653808594,262.47674560546875,263.31494140625,
1113,256,1,1.873457908630371,132.10162353515625,172.29287719726562,189.69273376464844,227.50814819335938,243.30856323242188,257.1040344238281,270.23724365234375,277.2578430175781,280.38629150390625,294.4602966308594,307.7159118652344,311.5638122558594,315.5432434082031,317.99554443359375,323.8343811035156,325.1650695800781,326.1408996582031,335.12200927734375,335.7080993652344,336.8160095214844,339.96673583984375,346.49749755859375,347.1862487792969,356.24365234375,359.7435302734375,361.9965515136719,363.5464172363281,363.6264343261719,364.3393249511719,364.3799743652344,364.76025390625,368.8327331542969,370.7242736816406,373.8224792480469,374.9100646972656,375.05596923828125,377.9220275878906,378.9710998535156,381.2655334472656,386.97833251953125,389.71221923828125,393.4854431152344,395.1755065917969,397.9806213378906,398.2054748535156,401.08544921875,404.574951171875,407.61212158203125,408.7288513183594,
734,194,1,2.916602373123169,175.5193328857422,210.27569580078125,233.4951934814453,248.91590881347656,249.64476013183594,251.59368896484375,254.050048828125,262.7040100097656,263.9527893066406,265.0405578613281,265.1517333984375,266.9801330566406,266.9908447265625,267.0275573730469,277.2008361816406,278.009033203125,283.65692138671875,289.27490234375,289.52642822265625,295.72796630859375,296.6658630371094,296.9126892089844,297.5885314941406,298.56060791015625,299.2802429199219,301.18194580078125,308.63885498046875,309.068115234375,309.15203857421875,311.3867492675781,313.14080810546875,315.7933654785156,318.3800048828125,320.0717468261719,321.84478759765625,324.39898681640625,327.9834289550781,329.14862060546875,330.2778625488281,332.3604736328125,336.1463928222656,337.11737060546875,337.77130126953125,340.3785400390625,342.138671875,343.4279479980469,344.094482421875,344.1899719238281,344.81524658203125,
303,31,1,30.783180236816406,130.40695190429688,143.41897583007812,152.7666778564453,157.35963439941406,168.15113830566406,168.76446533203125,170.20928955078125,171.09291076660156,177.956787109375,180.72854614257812,181.47415161132812,181.80308532714844,189.32533264160156,190.59188842773438,190.99095153808594,191.3721160888672,192.2747802734375,195.7665252685547,196.39952087402344,197.2107391357422,197.24996948242188,200.7741241455078,201.4419708251953,202.6566619873047,204.09725952148438,204.7308349609375,205.72630310058594,207.0909423828125,207.52963256835938,208.1837921142578,208.5028076171875,211.32252502441406,213.49708557128906,213.6014404296875,215.7989501953125,216.21832275390625,216.48158264160156,216.90037536621094,218.09716796875,219.04393005371094,219.2647705078125,219.51145935058594,220.93325805664062,224.80491638183594,226.24203491210938,226.44158935546875,227.96142578125,228.11941528320312,228.1395263671875,
754,197,1,6.265563488006592,257.41864013671875,267.2624206542969,297.0535888671875,300.4580383300781,308.50018310546875,316.5710144042969,318.6699523925781,319.4160461425781,321.4401550292969,321.86260986328125,333.5363464355469,339.1656188964844,340.1337890625,352.3197937011719,359.517333984375,360.6176452636719,363.9201965332031,378.9018859863281,379.2691650390625,380.79150390625,383.1936950683594,383.4981994628906,392.3475646972656,397.2336120605469,397.7340087890625,398.51531982421875,406.4027099609375,409.14031982421875,417.0380554199219,417.324951171875,419.5436706542969,422.54052734375,424.2401123046875,424.6771545410156,430.5229797363281,431.9988098144531,432.7807312011719,434.9580078125,435.88128662109375,436.1367492675781,437.1219177246094,438.31427001953125,441.382568359375,444.8162841796875,445.04412841796875,447.86004638671875,448.68206787109375,449.3763732910156,460.34820556640625,
877,13,1,11.136687278747559,184.76869201660156,193.10443115234375,193.53282165527344,204.399169921875,204.8385467529297,205.43276977539062,205.8119659423828,211.3189697265625,212.39205932617188,212.9074249267578,217.15403747558594,217.58763122558594,219.09510803222656,219.60340881347656,220.81507873535156,222.98684692382812,223.29379272460938,224.48544311523438,226.0715789794922,229.89862060546875,230.07925415039062,230.6005859375,232.25013732910156,233.07192993164062,234.35589599609375,236.32235717773438,238.86810302734375,240.63983154296875,240.77297973632812,241.7458038330078,241.7905731201172,242.52186584472656,245.47837829589844,247.33766174316406,247.38671875,247.79727172851562,247.9563751220703,248.2744598388672,249.83306884765625,250.23516845703125,251.7919464111328,252.08180236816406,256.3974304199219,258.4906005859375,258.5191345214844,261.3478698730469,262.2280578613281,262.62786865234375,264.47540283203125,
1160,247,1,2.1860320568084717,119.69849395751953,120.68919372558594,121.58973693847656,141.4906005859375,155.50009155273438,169.6453399658203,173.43536376953125,174.39019775390625,177.28097534179688,181.64382934570312,182.06112670898438,183.08592224121094,184.72776794433594,185.91114807128906,189.22915649414062,189.26344299316406,192.52403259277344,197.1566162109375,199.2940216064453,202.84805297851562,203.23045349121094,203.3298797607422,204.16749572753906,208.70205688476562,208.81956481933594,211.1016387939453,211.2724609375,211.77674865722656,211.88038635253906,213.2038116455078,214.7478485107422,215.68927001953125,216.41636657714844,217.64271545410156,218.51016235351562,219.9202880859375,220.2225341796875,220.28089904785156,220.5177764892578,225.0179443359375,227.79324340820312,228.5274658203125,229.06216430664062,232.83636474609375,232.88282775878906,236.31320190429688,236.61380004882812,237.82691955566406,239.00038146972656,
252,52,1,17.02484893798828,101.03314971923828,119.00862884521484,140.9207305908203,145.22586059570312,145.2309112548828,155.8240509033203,157.23265075683594,163.5154571533203,174.20590209960938,176.53524780273438,177.0958251953125,178.0836944580078,178.11268615722656,183.1332244873047,186.02847290039062,186.99404907226562,188.769287109375,193.2201690673828,196.79031372070312,197.79588317871094,199.0897216796875,205.1970977783203,206.0581512451172,206.76443481445312,209.08982849121094,210.14271545410156,210.73678588867188,211.26678466796875,214.39041137695312,216.168212890625,216.66970825195312,216.85353088378906,218.12789916992188,218.89523315429688,225.878173828125,228.16079711914062,228.16822814941406,230.3126678466797,231.87818908691406,233.39927673339844,235.54269409179688,237.34222412109375,238.53515625,244.94769287109375,244.9876251220703,245.8891143798828,246.2519989013672,246.2661895751953,248.46408081054688,
1705,290,1,7.013021945953369,223.2248992919922,223.6265106201172,225.90798950195312,241.10243225097656,246.76507568359375,249.05128479003906,250.64295959472656,268.2092590332031,268.610595703125,269.4395751953125,271.33575439453125,273.85052490234375,274.9676818847656,275.7752380371094,279.36785888671875,281.0279541015625,281.4268493652344,281.5215148925781,284.07037353515625,284.9973449707031,285.2533264160156,286.12518310546875,290.59564208984375,291.2640686035156,291.81500244140625,293.1302795410156,293.31195068359375,301.2985534667969,303.34710693359375,306.4964294433594,307.3498229980469,307.9136962890625,310.4450378417969,313.7452087402344,313.98199462890625,314.3417663574219,315.465087890625,317.779541015625,317.9955749511719,318.6551208496094,319.1443176269531,319.9202575683594,321.3631286621094,322.2451477050781,322.8061218261719,323.97772216796875,324.5838317871094,327.4593505859375,330.6801452636719,
388,191,1,1.743462324142456,96.89521789550781,99.15080261230469,100.54998779296875,101.03093719482422,102.51570892333984,108.28878784179688,113.6866683959961,122.0948257446289,123.90335845947266,125.8070297241211,136.55348205566406,144.80636596679688,151.61373901367188,158.0051727294922,160.58363342285156,162.8043212890625,167.0430908203125,168.88645935058594,169.52330017089844,170.80921936035156,171.70372009277344,172.0395050048828,173.98451232910156,174.22084045410156,176.29708862304688,177.3142547607422,177.3698272705078,183.7865753173828,186.02703857421875,187.40086364746094,188.30628967285156,190.54153442382812,193.15830993652344,193.1979522705078,195.17835998535156,196.6586456298828,197.02651977539062,197.4950714111328,212.9210968017578,212.954345703125,213.60044860839844,213.65171813964844,214.5985870361328,214.8197479248047,214.8366241455078,215.13624572753906,217.68588256835938,218.5450897216797,223.79273986816406,
226,230,1,0.913120687007904,98.01484680175781,100.24856567382812,111.1097640991211,112.5635757446289,133.89303588867188,135.6066436767578,140.39617919921875,156.28713989257812,157.1336212158203,160.2862548828125,161.02606201171875,165.0013885498047,166.47866821289062,170.00782775878906,174.0297393798828,175.05978393554688,175.2259063720703,177.99359130859375,179.72708129882812,182.5353240966797,190.9338836669922,190.9627227783203,191.85118103027344,194.71493530273438,194.89730834960938,195.25994873046875,197.95375061035156,198.8765411376953,202.9137725830078,204.40280151367188,204.52793884277344,205.68238830566406,206.62901306152344,207.35238647460938,209.67962646484375,210.79708862304688,211.96652221679688,212.1645965576172,212.662353515625,213.25823974609375,213.62515258789062,214.34925842285156,215.47128295898438,215.6237335205078,218.98806762695312,222.03036499023438,222.3006591796875,222.56362915039062,224.15065002441406,
944,245,1,2.363626480102539,47.933448791503906,78.23027801513672,78.4337158203125,90.5902328491211,91.07666015625,91.51012420654297,92.77930450439453,95.23332214355469,100.76632690429688,107.9588623046875,108.9683609008789,111.85067749023438,113.50926208496094,114.32943725585938,114.34383392333984,117.72215270996094,119.25054168701172,121.92027282714844,124.13675689697266,128.89749145507812,132.2638397216797,134.42674255371094,136.94728088378906,137.27561950683594,137.49618530273438,141.0897674560547,141.28350830078125,141.31723022460938,141.8794708251953,141.9624481201172,143.54739379882812,145.9997100830078,146.3099822998047,146.47494506835938,149.72276306152344,150.11448669433594,155.51565551757812,155.6075897216797,156.155029296875,157.77366638183594,162.62448120117188,163.5967254638672,164.15310668945312,168.19638061523438,171.29330444335938,172.47586059570312,172.6354217529297,173.16403198242188,173.2434844970703,
1537,289,1,3.5382347106933594,105.03235626220703,138.1866912841797,146.42112731933594,181.27841186523438,203.81484985351562,210.25498962402344,215.2859649658203,215.5173797607422,223.8717803955078,226.7206573486328,227.07916259765625,228.8418731689453,229.0393524169922,235.42613220214844,241.6974639892578,252.60202026367188,253.3897247314453,257.7177429199219,259.0830078125,261.8173828125,262.9873962402344,268.4927673339844,268.96319580078125,269.924560546875,270.98895263671875,273.36798095703125,275.18487548828125,275.2446594238281,278.219482421875,278.2757873535156,281.3027038574219,283.0489501953125,285.5804443359375,286.4166259765625,288.1464538574219,288.8324279785156,289.34893798828125,291.20648193359375,292.4395446777344,296.2344970703125,297.6176452636719,298.44195556640625,299.10888671875,299.4377136230469,300.00860595703125,300.79217529296875,301.98712158203125,302.9085388183594,304.0018005371094,
443,195,1,1.8281447887420654,59.435672760009766,64.98052215576172,72.90433502197266,76.76361846923828,76.83988952636719,89.34228515625,90.80936431884766,92.50077819824219,95.99884796142578,97.7140121459961,114.17985534667969,116.81893920898438,130.20457458496094,134.50770568847656,136.54547119140625,139.67791748046875,146.4014434814453,146.49002075195312,156.6379852294922,159.72555541992188,162.61888122558594,165.2301483154297,167.7443084716797,168.5691375732422,168.7066650390625,169.84364318847656,171.70932006835938,172.41244506835938,173.2714080810547,173.92750549316406,175.30654907226562,176.3512725830078,176.67787170410156,177.5845947265625,179.27545166015625,179.3092498779297,181.82333374023438,187.1793975830078,187.89825439453125,191.84971618652344,192.16297912597656,193.42007446289062,193.92552185058594,195.48190307617188,196.06495666503906,196.51165771484375,196.99510192871094,197.79566955566406,199.69869995117188,
506,276,1,3.945288896560669,230.74005126953125,304.7800598144531,347.076904296875,348.5491027832031,351.41552734375,363.4014587402344,369.924560546875,373.0889892578125,375.54852294921875,387.86578369140625,392.2850341796875,397.8703918457031,401.8847351074219,418.881103515625,421.5824890136719,426.0096130371094,430.022216796875,433.8492431640625,435.3826904296875,445.71697998046875,448.18115234375,449.3354797363281,451.42138671875,454.5994567871094,458.3677673339844,461.4483337402344,466.41351318359375,472.67529296875,474.0986328125,474.27313232421875,474.6939392089844,494.6455383300781,498.6656494140625,499.05328369140625,501.6750183105469,502.4073486328125,505.4839782714844,505.5324401855469,505.7325134277344,510.59991455078125,510.7812194824219,514.14794921875,514.3432006835938,514.5770263671875,519.6997680664062,521.6541748046875,521.6921997070312,523.991455078125,524.2740478515625,
1225,259,1,2.4580461978912354,53.72920227050781,73.9774398803711,82.70545959472656,83.68414306640625,83.93672180175781,84.4438247680664,84.85208892822266,91.53038024902344,94.0843505859375,97.29174041748047,105.92903900146484,106.4449691772461,109.71184539794922,109.94062805175781,112.88449096679688,114.63214111328125,115.94733428955078,116.40782165527344,118.72340393066406,119.62159729003906,124.64302825927734,125.48424530029297,127.0018310546875,127.10668182373047,131.85911560058594,133.86651611328125,137.9427490234375,148.6466522216797,148.89630126953125,151.9826202392578,155.14442443847656,159.18267822265625,166.90267944335938,168.30184936523438,173.87808227539062,177.28311157226562,177.75718688964844,178.45205688476562,179.66802978515625,179.8181610107422,182.05218505859375,183.48068237304688,184.81044006347656,185.16366577148438,186.2278594970703,189.62779235839844,191.2820587158203,191.57884216308594,192.26731872558594,
127,12,1,1.8178174495697021,4.760305404663086,6.153375148773193,14.22067928314209,30.177947998046875,39.254539489746094,62.71654510498047,110.49324035644531,200.628662109375,210.5003662109375,256.8489685058594,278.8869323730469,293.40234375,298.29840087890625,301.45745849609375,302.6448669433594,305.61041259765625,307.66339111328125,315.3545837402344,316.2861328125,316.6944580078125,333.6920471191406,342.1327209472656,343.6929931640625,344.9162902832031,345.7333068847656,346.1485595703125,353.21405029296875,357.2406005859375,363.191650390625,372.3741455078125,373.8016357421875,374.8000793457031,379.8797607421875,387.2919006347656,392.42083740234375,392.59832763671875,394.0106201171875,403.59075927734375,406.43505859375,406.6089172363281,409.41943359375,420.4750671386719,421.8011169433594,423.28515625,424.4961853027344,424.78570556640625,424.8810729980469,425.9586181640625,426.4159240722656,
559,251,1,1.3257862329483032,60.97638702392578,120.63633728027344,140.7085723876953,162.96139526367188,170.7041778564453,181.1896209716797,195.0701904296875,203.99505615234375,239.21343994140625,239.4658660888672,241.08450317382812,242.33303833007812,243.47393798828125,244.1005859375,249.4552001953125,249.53562927246094,249.80870056152344,257.26806640625,262.9349060058594,267.42681884765625,269.7876281738281,270.5483093261719,271.06976318359375,271.0960998535156,277.6767578125,278.32818603515625,284.45465087890625,285.79290771484375,291.7223205566406,292.429443359375,296.84698486328125,302.4502868652344,304.3700866699219,310.5498352050781,313.109619140625,313.309326171875,314.05224609375,337.9344177246094,343.64208984375,344.2070007324219,344.4243469238281,348.9841003417969,349.30291748046875,353.5616149902344,353.99127197265625,355.292236328125,357.994873046875,359.039794921875,359.4022521972656,
1653,328,1,3.9744434356689453,61.855224609375,94.46469116210938,96.95923614501953,115.54401397705078,117.4637451171875,124.70680236816406,132.12364196777344,139.6363525390625,150.2682342529297,153.78433227539062,156.65379333496094,161.402587890625,164.16184997558594,168.17767333984375,170.11387634277344,176.56288146972656,177.3410186767578,179.61105346679688,184.69113159179688,185.4230194091797,185.51275634765625,185.60296630859375,185.82884216308594,186.11795043945312,186.85882568359375,191.52378845214844,191.76512145996094,193.35000610351562,193.74058532714844,193.89585876464844,194.375,194.6387939453125,200.0667266845703,200.27406311035156,200.43406677246094,202.5831756591797,203.6014862060547,204.763916015625,207.4020233154297,207.4823760986328,207.9461212158203,208.1451416015625,208.6488494873047,209.2007293701172,209.2709503173828,209.4315948486328,210.6249542236328,212.222900390625,213.45558166503906,
769,53,1,30.68789291381836,371.8492126464844,396.6162414550781,410.09405517578125,420.79278564453125,422.4312438964844,438.62384033203125,451.5478210449219,459.48175048828125,468.1443786621094,478.51336669921875,480.93157958984375,484.3728942871094,489.5467529296875,491.3955383300781,492.0271301269531,492.3793640136719,493.59295654296875,494.6037902832031,495.0849914550781,497.3868408203125,498.5290222167969,498.71575927734375,503.318359375,506.35662841796875,506.3623962402344,508.4045715332031,510.6602478027344,510.7015380859375,511.9497985839844,512.3460693359375,512.4617919921875,515.8673706054688,516.900390625,518.2391967773438,520.21484375,520.747802734375,521.8480834960938,524.6028442382812,526.89306640625,527.6705932617188,528.2998046875,528.3777465820312,529.403564453125,529.4209594726562,529.8778686523438,530.259033203125,530.8865966796875,530.9718627929688,531.4189453125,
1615,297,1,2.1810083389282227,28.038440704345703,50.92599105834961,130.32476806640625,140.25978088378906,161.94773864746094,164.49252319335938,195.34127807617188,205.62301635742188,241.71083068847656,244.23434448242188,245.21710205078125,250.45407104492188,261.59954833984375,281.95892333984375,286.4580383300781,290.42633056640625,293.76519775390625,297.4559631347656,301.62799072265625,303.696533203125,307.1688537597656,309.1226501464844,313.724853515625,318.5182189941406,322.954833984375,324.19830322265625,330.6021728515625,331.7684020996094,332.4228515625,332.51019287109375,333.08447265625,338.3194274902344,338.8120422363281,339.18353271484375,343.73138427734375,344.3931884765625,344.4246826171875,344.9412536621094,346.06256103515625,352.5804748535156,352.63677978515625,355.7822570800781,358.46173095703125,361.38885498046875,368.7484130859375,371.3538513183594,372.5299072265625,372.8033752441406,374.2838134765625,
777,18,1,31.842592239379883,115.7025146484375,130.2586212158203,133.68003845214844,134.7598114013672,135.20835876464844,140.40328979492188,155.23388671875,156.8646697998047,156.94351196289062,160.0142822265625,161.5241241455078,162.51039123535156,168.28846740722656,169.73397827148438,171.63136291503906,173.7310791015625,175.54647827148438,176.73159790039062,177.81643676757812,178.0750732421875,180.10008239746094,181.6328125,183.5367889404297,184.45765686035156,193.7293243408203,195.812744140625,197.29132080078125,198.16543579101562,199.9759063720703,201.2293243408203,204.42037963867188,205.12107849121094,205.78782653808594,211.39317321777344,214.0181884765625,216.66673278808594,216.9532012939453,217.50796508789062,218.5394744873047,220.07102966308594,225.17587280273438,225.26123046875,229.4638214111328,231.1871337890625,232.68374633789062,235.02752685546875,236.95945739746094,238.31761169433594,239.34722900390625,
195,276,1,11.802602767944336,167.79689025878906,185.5118408203125,195.42190551757812,197.953125,204.52464294433594,209.11582946777344,210.1452178955078,211.70559692382812,214.8280792236328,215.7998046875,228.4562225341797,238.37660217285156,238.91026306152344,239.74697875976562,244.3546142578125,247.5615692138672,248.6959228515625,249.74679565429688,252.69400024414062,253.43165588378906,253.55532836914062,254.12591552734375,254.916748046875,256.2503662109375,258.3333740234375,261.3863525390625,263.9283752441406,263.9849853515625,265.8291015625,269.4561462402344,269.9628601074219,271.4971008300781,274.0999755859375,278.65625,279.1443786621094,280.27789306640625,280.44720458984375,282.1131591796875,284.74346923828125,285.2367858886719,286.03668212890625,287.2308349609375,287.29095458984375,287.578125,287.74871826171875,288.5540466308594,290.9172058105469,291.400390625,291.9772644042969,
1134,254,1,4.332852363586426,251.77938842773438,296.7708435058594,318.09002685546875,332.1336669921875,335.0097961425781,336.4701843261719,358.8336486816406,363.44293212890625,367.5793762207031,368.0087890625,368.7734680175781,378.3708801269531,385.9088134765625,385.94818115234375,387.3160705566406,388.8716735839844,390.9095764160156,391.6539001464844,392.6358337402344,392.86883544921875,396.89678955078125,398.8942565917969,399.1756286621094,400.0126953125,403.8548278808594,404.0337219238281,405.2611389160156,405.9847412109375,407.374267578125,408.3160400390625,409.5437316894531,410.5035400390625,414.1693115234375,414.19989013671875,415.8533935546875,417.03338623046875,418.4277648925781,420.1639099121094,421.9958801269531,424.7871398925781,427.61273193359375,428.580810546875,428.73089599609375,428.75714111328125,430.50067138671875,430.84368896484375,432.054443359375,432.20391845703125,432.9292297363281,
402,198,1,3.3813724517822266,124.11076354980469,124.35040283203125,124.41763305664062,135.09706115722656,135.34756469726562,138.89501953125,140.52197265625,140.53823852539062,149.65806579589844,152.63693237304688,155.0694580078125,159.6234893798828,161.88442993164062,164.34933471679688,168.24038696289062,170.2317657470703,172.56753540039062,175.15194702148438,175.35052490234375,178.40338134765625,179.5046844482422,184.4996795654297,189.69607543945312,190.9563446044922,193.71441650390625,194.2041778564453,194.21676635742188,194.6020050048828,200.18946838378906,200.42196655273438,200.51040649414062,200.76622009277344,201.5441436767578,204.5278778076172,207.70619201660156,209.08883666992188,212.33424377441406,213.7836151123047,216.033203125,216.76268005371094,217.6473846435547,218.52720642089844,219.1214141845703,222.17193603515625,222.80062866210938,224.4276885986328,227.0015411376953,228.59764099121094,229.98410034179688,
236,52,1,23.810453414916992,125.95370483398438,134.74754333496094,160.05186462402344,165.7638397216797,173.57147216796875,178.1702423095703,179.8977508544922,182.9573516845703,185.28269958496094,185.41746520996094,185.8260040283203,188.2600555419922,191.65115356445312,197.23324584960938,199.25897216796875,203.50711059570312,204.8869171142578,205.41766357421875,205.81446838378906,208.84864807128906,212.33323669433594,217.96163940429688,219.01138305664062,220.37266540527344,223.73184204101562,226.60057067871094,228.6077117919922,228.6502685546875,232.85462951660156,234.4869384765625,235.5298614501953,235.7135772705078,242.56100463867188,242.72303771972656,243.48336791992188,245.68849182128906,245.88150024414062,248.58175659179688,248.60647583007812,248.9591064453125,255.10997009277344,258.3593444824219,260.7744140625,265.07379150390625,267.1266784667969,267.75341796875,268.6200256347656,271.918701171875,273.1793518066406,
151,234,1,5.454381942749023,137.36431884765625,173.1076202392578,181.5121612548828,195.21287536621094,204.59947204589844,211.31796264648438,223.82601928710938,227.36439514160156,240.54867553710938,248.71875,251.00729370117188,251.55615234375,254.068603515625,255.23867797851562,256.37457275390625,261.6115417480469,262.7001037597656,266.2505798339844,267.6464538574219,270.984375,273.80572509765625,287.2090148925781,294.73883056640625,295.58770751953125,297.931884765625,299.3283996582031,301.7451171875,303.0539245605469,313.9293212890625,315.1896667480469,316.22686767578125,318.4777526855469,323.14324951171875,323.44012451171875,327.9126892089844,328.09710693359375,330.37322998046875,334.8670654296875,335.9297790527344,336.9924011230469,337.69268798828125,343.78289794921875,345.4243469238281,345.8038024902344,346.2676086425781,347.50982666015625,348.0582275390625,361.7234191894531,364.02093505859375,
148,238,1,5.263435363769531,118.52291870117188,124.45108032226562,128.60853576660156,131.6757354736328,136.3621063232422,144.21395874023438,148.7437286376953,150.90660095214844,151.2299346923828,151.95156860351562,154.6713104248047,160.47503662109375,161.224365234375,161.98779296875,166.2953338623047,166.7213592529297,169.15771484375,171.69996643066406,172.14112854003906,172.14405822753906,172.62722778320312,173.2053680419922,175.21377563476562,175.9940185546875,178.09156799316406,178.67625427246094,178.84117126464844,178.93081665039062,181.27085876464844,182.8948516845703,183.76824951171875,186.1707305908203,189.18104553222656,190.29795837402344,190.5142364501953,191.86280822753906,192.50796508789062,195.22348022460938,196.0526885986328,198.2875518798828,201.70411682128906,203.8121795654297,204.35598754882812,204.8747100830078,209.76446533203125,210.1307373046875,212.85122680664062,214.4839630126953,215.40834045410156,
1610,299,1,2.933274507522583,28.020322799682617,43.905391693115234,131.79991149902344,147.92538452148438,179.61427307128906,188.22850036621094,193.5845184326172,205.4696502685547,214.4324951171875,228.7403106689453,233.61965942382812,243.0125732421875,253.8615264892578,268.49945068359375,271.96246337890625,274.600830078125,279.7109680175781,290.5602111816406,293.86138916015625,296.9497375488281,298.833740234375,299.87908935546875,302.8921813964844,304.2132873535156,304.7882995605469,307.16925048828125,308.6031188964844,311.3689270019531,314.994384765625,323.11749267578125,324.6264953613281,326.8747253417969,329.1297912597656,329.78741455078125,329.87841796875,330.2515563964844,331.8738708496094,333.1516418457031,340.33502197265625,343.19439697265625,343.97540283203125,347.8168029785156,350.5935363769531,350.7942199707031,351.06976318359375,357.1386413574219,357.3699951171875,359.11358642578125,360.0192565917969,
626,194,1,4.234330177307129,105.619140625,110.32479095458984,112.12725067138672,112.16657257080078,115.07266235351562,129.4571075439453,140.8494415283203,142.42672729492188,144.0067596435547,149.27786254882812,158.59767150878906,159.66908264160156,167.6282196044922,169.67495727539062,176.14651489257812,179.39036560058594,187.1815185546875,187.3074188232422,191.04991149902344,191.2187957763672,196.7545928955078,199.91693115234375,200.47557067871094,201.10157775878906,201.93191528320312,210.12701416015625,211.16517639160156,211.7386016845703,212.88607788085938,214.57357788085938,216.48196411132812,217.87461853027344,218.91329956054688,220.279052734375,220.5086669921875,223.64889526367188,223.94342041015625,224.42042541503906,225.07656860351562,225.5913848876953,226.7711639404297,228.04124450683594,228.43153381347656,229.5606231689453,230.94093322753906,232.9108428955078,234.55792236328125,236.4058074951172,238.488037109375,
1521,292,1,2.124178409576416,197.13381958007812,204.88717651367188,208.12518310546875,280.8967590332031,310.04193115234375,332.1623229980469,334.166259765625,339.2746276855469,360.5765686035156,360.8599853515625,367.471923828125,367.79144287109375,379.2684631347656,379.8940734863281,380.9295349121094,382.9402770996094,385.3355407714844,396.70623779296875,396.9460754394531,398.5483703613281,403.99554443359375,406.0779724121094,412.68426513671875,418.5141906738281,419.7489318847656,420.447509765625,424.6609802246094,425.4107360839844,425.644287109375,428.02484130859375,428.78472900390625,430.29669189453125,431.5987548828125,433.1398620605469,433.3998718261719,433.9157409667969,434.1856994628906,434.2965393066406,441.37945556640625,441.5249328613281,442.7642822265625,443.087890625,444.8741149902344,445.3114318847656,446.7320556640625,446.970458984375,449.05560302734375,449.23828125,449.7484436035156,
703,254,1,3.6368675231933594,163.16912841796875,257.8031005859375,261.91851806640625,280.3917236328125,293.1351623535156,295.556884765625,299.3103942871094,301.8289794921875,316.84686279296875,318.8540344238281,329.35284423828125,335.2864685058594,343.8095703125,347.57763671875,353.60943603515625,353.9471130371094,356.5118103027344,356.9256286621094,358.5517578125,359.2522888183594,365.26593017578125,367.4152526855469,369.1576843261719,379.578857421875,382.39959716796875,383.54058837890625,384.58856201171875,391.67864990234375,392.347900390625,393.86444091796875,395.6004638671875,395.79693603515625,398.9246826171875,403.61737060546875,404.05657958984375,405.3913879394531,405.8640441894531,407.5687255859375,412.48516845703125,412.5179138183594,413.9035949707031,417.8841552734375,420.617919921875,423.632568359375,426.4992370605469,429.10498046875,430.70416259765625,430.8827819824219,431.0677490234375,
1382,301,1,6.024388790130615,186.11337280273438,197.13059997558594,207.19219970703125,219.4990692138672,223.77252197265625,237.121826171875,242.4295654296875,252.05325317382812,252.4665069580078,255.76730346679688,265.4158935546875,266.65972900390625,273.5556945800781,274.56011962890625,280.8105163574219,281.97662353515625,299.54486083984375,315.74560546875,319.18133544921875,326.8533630371094,327.1184387207031,333.0078125,333.337646484375,335.92364501953125,339.0509033203125,340.28082275390625,340.4231872558594,341.5218200683594,343.7447509765625,343.7726135253906,347.38592529296875,350.3381042480469,359.4797668457031,359.916748046875,360.69049072265625,381.2466735839844,381.71124267578125,385.4305114746094,386.2489318847656,392.1449279785156,392.15380859375,394.00750732421875,394.28424072265625,395.8149719238281,398.4404602050781,399.8811340332031,400.6549377441406,400.9173583984375,401.5700988769531,
1397,292,1,5.176352500915527,198.7122344970703,235.13623046875,237.15980529785156,238.39825439453125,260.5664978027344,261.0137023925781,269.656005859375,289.8293151855469,293.0345153808594,312.74322509765625,326.1981506347656,345.9803161621094,346.4859619140625,349.5340576171875,353.1497497558594,357.49090576171875,359.0023498535156,359.4700927734375,363.8019104003906,365.48974609375,373.8214416503906,378.2783203125,378.68109130859375,380.5773620605469,380.9197998046875,381.6785583496094,382.5412292480469,385.68170166015625,387.0361328125,387.9565124511719,388.3677978515625,389.30511474609375,390.2002868652344,390.50177001953125,395.2640075683594,398.4940490722656,398.5257263183594,398.5309753417969,401.8804931640625,404.8625793457031,405.58154296875,405.7821350097656,405.9472961425781,413.8688049316406,414.320068359375,416.0531005859375,416.1681823730469,417.15509033203125,417.3802185058594,
805,19,1,32.169559478759766,165.7811737060547,168.2350311279297,242.74029541015625,246.40457153320312,260.82806396484375,285.4855651855469,287.09124755859375,289.3190612792969,292.7953186035156,301.6231384277344,310.2709655761719,311.59906005859375,312.0466003417969,312.43365478515625,318.7779235839844,319.8367004394531,328.36346435546875,328.86993408203125,334.8229675292969,347.8102111816406,348.6897277832031,349.811767578125,350.4823913574219,350.6585998535156,351.6225891113281,351.6642761230469,352.1699523925781,355.1324462890625,355.6773986816406,358.6759948730469,359.045654296875,360.6441650390625,360.9801940917969,361.7019348144531,362.87127685546875,367.6240539550781,368.8846435546875,370.0345458984375,370.9615478515625,372.6234436035156,375.85455322265625,377.1787414550781,384.2503662109375,384.48455810546875,384.75323486328125,385.16619873046875,385.1796569824219,385.24169921875,386.4753723144531,
1501,294,1,4.999798774719238,162.7008056640625,189.2003173828125,225.44789123535156,230.97535705566406,244.5243682861328,244.86862182617188,258.7014465332031,265.1838684082031,270.7591247558594,281.08953857421875,286.0660705566406,287.22265625,303.2984619140625,306.15771484375,308.7889099121094,309.74993896484375,318.0955810546875,328.427001953125,330.6488037109375,334.0699462890625,335.2153015136719,340.56121826171875,342.49871826171875,353.2525329589844,363.7080383300781,364.46502685546875,365.5108337402344,366.7936706542969,370.0273132324219,370.15509033203125,372.2753601074219,374.7612609863281,376.11163330078125,380.18450927734375,381.7696838378906,382.4310302734375,386.7716369628906,387.4403381347656,389.70843505859375,390.2261962890625,398.385986328125,399.1094970703125,399.3701477050781,406.265380859375,407.12945556640625,407.7557373046875,408.5653076171875,411.5123596191406,413.62744140625,
813,19,1,26.815195083618164,117.84130096435547,121.08589935302734,125.11822509765625,130.2687225341797,134.35232543945312,142.894775390625,146.7330322265625,149.2244873046875,150.70362854003906,154.61688232421875,155.53904724121094,158.16468811035156,158.83273315429688,158.91366577148438,160.7943572998047,163.35391235351562,165.96563720703125,167.41737365722656,167.620361328125,168.56398010253906,170.7581787109375,172.1422882080078,172.74937438964844,176.22032165527344,178.95474243164062,183.00790405273438,183.45895385742188,183.5911407470703,185.74461364746094,186.04905700683594,186.54368591308594,188.21839904785156,191.01248168945312,192.7393798828125,194.1924591064453,194.2185516357422,194.85557556152344,195.16246032714844,195.51551818847656,196.81781005859375,198.53045654296875,200.44418334960938,202.07936096191406,204.0552215576172,204.78814697265625,206.21673583984375,206.2672882080078,209.35675048828125,209.53781127929688,
1421,307,1,3.7648861408233643,172.23248291015625,231.99180603027344,264.4654235839844,271.361083984375,277.6365966796875,298.023681640625,312.90045166015625,334.3177795410156,361.7234191894531,365.34320068359375,369.2328186035156,377.6329650878906,404.9547424316406,406.8448486328125,417.8634033203125,426.5598449707031,427.687744140625,429.0310363769531,433.15020751953125,437.83038330078125,439.4924011230469,440.4609375,447.8776550292969,449.00732421875,455.68682861328125,465.5569152832031,472.64996337890625,475.5582275390625,478.90960693359375,479.31817626953125,483.79998779296875,488.6178894042969,489.4922180175781,490.01123046875,491.5773620605469,492.231689453125,494.394287109375,496.0105895996094,497.76123046875,500.048828125,502.1724853515625,511.82427978515625,512.5618286132812,515.1669311523438,519.390869140625,525.0256958007812,525.3743896484375,528.4719848632812,528.5636596679688,
847,18,1,31.017784118652344,79.36785125732422,94.36079406738281,97.60165405273438,106.3314208984375,109.59052276611328,111.79168701171875,113.71527862548828,114.43014526367188,117.90496826171875,118.4413070678711,119.91731262207031,122.55551147460938,122.60381317138672,123.1511001586914,125.78778839111328,125.8176040649414,125.82535552978516,130.50808715820312,133.02703857421875,134.20384216308594,137.95932006835938,140.166748046875,140.77142333984375,141.6619415283203,143.16065979003906,144.3221435546875,148.14065551757812,148.52890014648438,150.14854431152344,152.77996826171875,154.00857543945312,154.57310485839844,154.71499633789062,154.9495849609375,159.62086486816406,161.39187622070312,161.4945068359375,161.71600341796875,163.09535217285156,169.19784545898438,170.641357421875,172.76461791992188,173.46661376953125,174.33648681640625,176.2755584716797,177.25088500976562,177.9513397216797,179.46282958984375,179.5488739013672,
1649,297,1,4.392874717712402,84.7422103881836,94.14950561523438,103.15586853027344,110.15423583984375,111.15481567382812,138.261474609375,139.81248474121094,149.6993408203125,151.12603759765625,153.01712036132812,154.74429321289062,155.41879272460938,160.82833862304688,160.86537170410156,163.11065673828125,168.88034057617188,169.50230407714844,170.44664001464844,172.51126098632812,173.41026306152344,173.7814178466797,174.45193481445312,175.93197631835938,177.45266723632812,179.14779663085938,179.28115844726562,180.22085571289062,180.3271942138672,182.9217987060547,183.73651123046875,184.16769409179688,184.96446228027344,185.50184631347656,187.06822204589844,187.8810272216797,188.6617431640625,189.82400512695312,190.6815185546875,195.02761840820312,196.23123168945312,199.24266052246094,200.25303649902344,200.8429412841797,201.39073181152344,205.65582275390625,207.4517822265625,210.0476837158203,211.43016052246094,213.12738037109375,
1209,305,1,1.3586443662643433,103.22320556640625,108.65522003173828,120.07511901855469,124.35095977783203,150.45712280273438,157.63418579101562,158.73960876464844,159.7050323486328,162.60728454589844,173.5078582763672,180.17095947265625,182.3314208984375,189.24465942382812,200.5962371826172,204.34544372558594,207.1764678955078,207.61940002441406,211.95745849609375,214.51121520996094,215.50668334960938,221.05393981933594,222.5484619140625,223.60809326171875,224.6130828857422,224.77174377441406,225.26771545410156,226.0638885498047,227.53228759765625,228.62356567382812,229.33096313476562,230.03073120117188,230.15809631347656,232.3289794921875,232.80889892578125,235.4088134765625,235.77572631835938,237.36801147460938,239.08786010742188,240.34434509277344,242.10411071777344,243.9015655517578,243.97030639648438,244.33908081054688,247.19525146484375,247.53729248046875,249.87692260742188,251.6142120361328,253.42625427246094,254.9567413330078,
191,254,1,3.440943479537964,40.58910369873047,71.09771728515625,78.43273162841797,82.05770111083984,84.47329711914062,88.26483917236328,94.81133270263672,95.30960083007812,96.16287231445312,98.16202545166016,105.09021759033203,110.0338363647461,110.54320526123047,112.06310272216797,115.6720199584961,119.03719329833984,126.02069854736328,126.80217742919922,127.7304916381836,129.88539123535156,130.68890380859375,135.75924682617188,142.7726593017578,143.87448120117188,148.05445861816406,148.82424926757812,150.483154296875,153.4108428955078,154.34719848632812,154.50955200195312,155.8955535888672,158.7165985107422,162.3022003173828,162.9205322265625,164.3563995361328,164.92843627929688,167.9973602294922,168.87779235839844,169.2740020751953,169.8041534423828,169.84182739257812,171.03167724609375,172.616455078125,179.0065460205078,179.1748046875,183.43423461914062,183.76724243164062,183.88648986816406,184.08840942382812,
1042,252,1,3.58132266998291,46.12736129760742,53.08350372314453,55.77362060546875,62.919376373291016,74.56246948242188,78.58087158203125,87.01288604736328,88.04193878173828,92.25621032714844,100.7799301147461,102.17385864257812,104.62149047851562,106.84388732910156,110.6785888671875,111.59664154052734,112.18122863769531,117.70374298095703,118.09947967529297,118.57014465332031,121.93821716308594,123.6044921875,123.89617919921875,124.55947875976562,125.35617065429688,125.44184112548828,129.03964233398438,131.75340270996094,133.3042449951172,133.96578979492188,134.41802978515625,136.2393035888672,143.25613403320312,143.89535522460938,145.74237060546875,145.9770050048828,147.42884826660156,148.5716552734375,149.73789978027344,150.7638702392578,151.22911071777344,152.86033630371094,158.234130859375,159.4394989013672,160.5332794189453,160.54037475585938,160.88807678222656,161.51071166992188,163.69332885742188,166.82118225097656,
756,196,1,7.426901817321777,515.9503784179688,554.6143798828125,574.9314575195312,593.046142578125,617.9252319335938,639.2691040039062,643.8944091796875,648.8268432617188,659.2180786132812,659.3275756835938,662.330322265625,664.7705078125,687.0238037109375,697.7168579101562,698.4016723632812,720.5418090820312,740.295166015625,741.128662109375,741.709228515625,748.806884765625,748.9859619140625,757.3050537109375,760.337890625,765.8963623046875,776.7217407226562,781.7820434570312,784.755126953125,790.7732543945312,793.8731079101562,796.9073486328125,813.4840087890625,821.7669677734375,823.2705688476562,823.467041015625,835.5432739257812,836.0038452148438,836.8429565429688,836.8599243164062,836.9365234375,837.878662109375,849.251708984375,857.0338134765625,859.5557861328125,861.173583984375,863.1690063476562,863.31298828125,869.6072387695312,879.48828125,881.0596313476562,
192,237,1,1.9388314485549927,118.82227325439453,151.0072021484375,159.08949279785156,163.42274475097656,185.9727325439453,188.13099670410156,188.49395751953125,198.20265197753906,200.08798217773438,202.53775024414062,210.46766662597656,212.52328491210938,213.39234924316406,218.81593322753906,218.99118041992188,219.17404174804688,221.5983123779297,223.88970947265625,229.64410400390625,230.68743896484375,230.8197784423828,234.11080932617188,236.17385864257812,240.5005340576172,241.44285583496094,242.233642578125,243.4898223876953,245.196044921875,245.89212036132812,247.4054718017578,248.60426330566406,249.1685028076172,249.3950958251953,249.625244140625,250.13417053222656,250.37820434570312,252.32936096191406,253.9278106689453,263.13116455078125,264.0528869628906,264.5831604003906,265.2094421386719,265.2963562011719,266.6214904785156,268.1169738769531,268.3223876953125,271.3194580078125,271.65911865234375,275.0321350097656,
1373,293,1,2.240804672241211,32.95963668823242,83.8955078125,127.49173736572266,148.80299377441406,156.82498168945312,162.65330505371094,171.98036193847656,176.28668212890625,185.36257934570312,196.47903442382812,198.587158203125,203.5700225830078,227.321044921875,231.1177520751953,245.14146423339844,250.46401977539062,267.6723327636719,272.8691101074219,274.7803649902344,279.6813049316406,281.4770202636719,283.945068359375,287.34124755859375,289.3210144042969,291.070068359375,292.13787841796875,293.1225891113281,297.0620422363281,298.23028564453125,304.4591979980469,304.9164733886719,307.4244689941406,308.5144958496094,308.9827880859375,313.35198974609375,313.7057189941406,314.1690368652344,315.6689758300781,318.2135009765625,318.73809814453125,319.7832336425781,321.4936218261719,322.3500671386719,323.7781677246094,324.0064697265625,326.1103820800781,327.2542724609375,329.661376953125,332.731689453125,
133,13,1,1.2957953214645386,4.337734699249268,7.532894134521484,17.802814483642578,31.423503875732422,38.52123260498047,55.33612060546875,116.79530334472656,199.3440704345703,208.058837890625,255.43685913085938,270.7481689453125,284.5636291503906,291.0047607421875,304.8226318359375,306.3292236328125,310.0684814453125,314.42578125,315.37603759765625,319.78839111328125,320.5283508300781,322.3134460449219,333.89923095703125,342.3314208984375,343.7096862792969,345.4904479980469,346.9570007324219,350.46173095703125,362.39825439453125,362.566650390625,368.5283508300781,371.06805419921875,376.1775817871094,381.9714050292969,384.5264892578125,385.5849304199219,394.75238037109375,395.60809326171875,397.1145935058594,406.37738037109375,414.5813293457031,415.6573181152344,417.64923095703125,418.213134765625,418.2459716796875,419.2884826660156,420.0677490234375,420.2027893066406,420.3665771484375,421.95916748046875,
1402,305,1,3.8214495182037354,271.7923583984375,279.0045166015625,297.8742980957031,302.6072082519531,317.2554626464844,325.087158203125,350.420166015625,355.632568359375,360.3630676269531,366.0591735839844,367.482421875,385.3201904296875,391.2468566894531,393.7934265136719,394.3901062011719,398.7237854003906,405.817626953125,412.9634704589844,413.2244873046875,414.571533203125,422.259765625,425.4097900390625,441.5195007324219,442.022705078125,448.60736083984375,449.4588928222656,451.1542053222656,452.4852294921875,458.9635925292969,461.0825500488281,462.6519470214844,466.73004150390625,467.7700500488281,468.3465576171875,469.05377197265625,473.6817626953125,482.9163818359375,483.4032897949219,484.66094970703125,489.3507080078125,489.8172302246094,489.9037780761719,490.8283996582031,496.0931701660156,496.7811584472656,500.77197265625,501.0204162597656,504.1771545410156,510.6654052734375,
1127,239,1,1.9130730628967285,102.4836196899414,132.66278076171875,140.74710083007812,140.99635314941406,150.51683044433594,153.1835479736328,157.8001251220703,158.38868713378906,160.7906951904297,163.0427703857422,163.88980102539062,164.43922424316406,165.37506103515625,173.9764862060547,179.88050842285156,179.98739624023438,180.50088500976562,181.52357482910156,181.86988830566406,187.3382568359375,188.26153564453125,188.79122924804688,189.8678436279297,191.45619201660156,191.61524963378906,193.706787109375,195.99635314941406,198.2882537841797,201.13656616210938,203.06199645996094,203.39418029785156,204.09812927246094,205.02398681640625,205.45481872558594,206.58592224121094,208.31556701660156,208.35006713867188,209.43113708496094,209.50967407226562,210.84185791015625,211.29006958007812,212.05130004882812,212.36036682128906,214.59994506835938,215.816162109375,217.28396606445312,219.0917510986328,223.0592498779297,223.71395874023438,
1139,267,1,1.2989534139633179,66.1085433959961,72.28146362304688,76.52605438232422,90.45990753173828,91.47520446777344,104.90277099609375,105.80859375,110.78099060058594,112.8322982788086,112.89155578613281,113.38249969482422,120.19175720214844,125.16331481933594,128.0946044921875,130.43930053710938,135.6990203857422,138.4319305419922,139.36370849609375,146.23345947265625,146.58737182617188,147.85496520996094,148.02772521972656,150.18228149414062,150.48080444335938,150.66259765625,152.21041870117188,158.98545837402344,162.89561462402344,163.09869384765625,167.98532104492188,171.36322021484375,173.0991668701172,174.89430236816406,176.12762451171875,179.60369873046875,181.0681610107422,182.65457153320312,182.8711395263672,183.29443359375,184.05401611328125,187.856689453125,188.0918731689453,189.76502990722656,189.95960998535156,190.03207397460938,190.91807556152344,191.90049743652344,192.15753173828125,195.1754150390625,
101,187,1,1.6844576597213745,109.5742416381836,152.5648956298828,158.0928497314453,160.5377655029297,163.041748046875,163.90939331054688,169.50135803222656,172.7245635986328,183.61984252929688,184.6437530517578,188.14906311035156,195.28823852539062,195.9783477783203,196.92498779296875,197.46006774902344,198.8457794189453,200.63031005859375,201.6016082763672,203.73814392089844,205.76206970214844,206.7457275390625,210.52735900878906,219.08816528320312,220.33322143554688,223.07566833496094,227.892333984375,230.64779663085938,233.79647827148438,235.74278259277344,236.54417419433594,242.96873474121094,253.007568359375,254.36196899414062,254.516845703125,256.5674743652344,259.06781005859375,261.5280456542969,262.7204895019531,263.2319641113281,263.23968505859375,264.66790771484375,265.7764892578125,267.29278564453125,269.2264404296875,271.4236145019531,271.4613952636719,274.629638671875,278.1832275390625,278.3357849121094,
1298,288,1,2.4554994106292725,105.8699722290039,131.11322021484375,163.9005889892578,175.3854522705078,199.22645568847656,205.65673828125,205.93289184570312,207.8333740234375,218.77590942382812,224.01559448242188,224.72052001953125,227.6230010986328,240.78880310058594,253.19703674316406,256.0889587402344,270.0364685058594,274.1705627441406,284.20379638671875,284.2698669433594,285.0490417480469,294.00982666015625,295.47088623046875,297.9297180175781,302.4535217285156,306.0545349121094,306.2479248046875,307.6556396484375,316.81292724609375,317.2383117675781,321.54656982421875,321.6091003417969,322.0862731933594,322.66119384765625,328.9339904785156,331.6856994628906,337.5112609863281,340.2699890136719,342.94830322265625,346.3194885253906,347.016845703125,348.0726013183594,350.78070068359375,357.1420593261719,358.37603759765625,359.0958251953125,359.7417907714844,361.0000305175781,364.0601501464844,367.0069885253906,
545,262,1,3.879340171813965,76.41717529296875,91.08580017089844,93.22490692138672,96.13587951660156,109.96212768554688,114.2217025756836,115.90866088867188,116.64187622070312,118.35201263427734,123.6989517211914,124.07547760009766,125.20466613769531,126.8499526977539,127.8203353881836,128.4755859375,130.2088623046875,130.6693572998047,131.4475555419922,132.32615661621094,133.1512451171875,134.309814453125,140.1798553466797,141.3181915283203,143.15191650390625,143.47384643554688,145.06088256835938,146.2408905029297,146.63784790039062,151.38040161132812,156.71157836914062,160.8860321044922,162.30783081054688,164.90614318847656,166.36236572265625,166.71401977539062,167.9200897216797,168.1377716064453,168.37953186035156,170.72386169433594,171.06344604492188,171.17616271972656,172.22280883789062,172.2349853515625,174.0605926513672,178.33807373046875,179.25013732910156,181.21556091308594,182.30615234375,182.79678344726562,
1319,291,1,1.6054189205169678,152.74789428710938,168.78009033203125,196.31683349609375,199.82810974121094,203.55894470214844,203.57406616210938,210.29127502441406,215.01541137695312,221.63380432128906,226.49559020996094,231.1739959716797,232.2328338623047,237.19786071777344,239.0294189453125,248.31072998046875,254.3533172607422,268.8461608886719,272.0649108886719,274.9047546386719,275.0312194824219,275.73126220703125,276.6463623046875,276.6764221191406,277.5279846191406,278.8870849609375,280.3678894042969,287.55426025390625,293.3744812011719,298.1940002441406,300.559814453125,300.7232666015625,302.5308837890625,302.7606506347656,303.37799072265625,304.46148681640625,305.2699279785156,306.9659729003906,308.9944763183594,309.73907470703125,311.977783203125,313.2747802734375,313.4901123046875,313.65863037109375,314.8822021484375,315.87896728515625,316.91082763671875,317.15576171875,318.2520446777344,320.79779052734375,
1661,300,1,11.526639938354492,190.2021026611328,230.84063720703125,251.9689483642578,255.0520477294922,256.3242492675781,260.4106140136719,261.4322204589844,269.0956726074219,269.44195556640625,271.4561462402344,271.9418029785156,276.17193603515625,282.4982604980469,284.6605224609375,289.5945739746094,291.6959533691406,296.3683166503906,297.50177001953125,304.0417175292969,304.51092529296875,305.8932800292969,307.01519775390625,307.45184326171875,309.9221496582031,313.9192199707031,315.6693420410156,316.5696716308594,318.0211486816406,319.49822998046875,321.37701416015625,322.9868469238281,323.8314208984375,325.0357666015625,329.6654968261719,337.0126037597656,340.1083068847656,340.88604736328125,348.34002685546875,348.9891052246094,350.0948181152344,350.31561279296875,351.1962585449219,351.578857421875,353.2135314941406,358.2788391113281,362.03521728515625,365.11663818359375,365.36358642578125,368.72674560546875,
614,193,1,6.363244533538818,114.88993072509766,125.61531066894531,130.52734375,156.58041381835938,158.76724243164062,158.87339782714844,162.09671020507812,166.89529418945312,176.70263671875,178.7786102294922,182.27992248535156,184.52154541015625,191.61297607421875,194.1738739013672,200.1900634765625,202.30819702148438,204.2169647216797,207.98609924316406,208.86590576171875,213.62828063964844,217.00924682617188,219.4669189453125,219.59414672851562,222.1605682373047,223.62522888183594,224.09371948242188,226.44406127929688,227.7234649658203,229.69747924804688,230.1863555908203,233.42584228515625,236.1371612548828,238.34640502929688,239.26576232910156,239.67527770996094,241.08444213867188,242.64279174804688,244.90884399414062,247.07337951660156,248.91563415527344,251.1692352294922,251.3220672607422,258.4454345703125,261.3557434082031,262.1732482910156,264.9521484375,267.65234375,268.9526672363281,271.458740234375,
1722,299,1,2.9054858684539795,179.01954650878906,187.33180236816406,191.5224609375,209.3582000732422,240.1866912841797,240.57965087890625,242.78317260742188,246.40399169921875,248.14601135253906,253.58856201171875,259.5174255371094,262.17181396484375,263.3354797363281,264.883544921875,264.9737548828125,271.9542236328125,275.0310974121094,276.7585754394531,277.34136962890625,278.08746337890625,286.02996826171875,288.5407409667969,291.6213684082031,291.9045715332031,292.0172119140625,296.72674560546875,296.9203796386719,297.6547546386719,300.44305419921875,302.6697998046875,304.6241149902344,306.178466796875,307.9236145019531,310.8167419433594,310.8429260253906,311.2634582519531,311.896240234375,311.9337463378906,312.0465087890625,312.1285095214844,313.0004577636719,313.7295227050781,314.5255126953125,314.7038269042969,315.7181396484375,321.40289306640625,322.28802490234375,324.4051818847656,324.4245300292969,
1727,300,1,3.7329280376434326,225.41554260253906,244.3252410888672,249.03887939453125,265.4496765136719,266.2187805175781,286.10333251953125,298.0212097167969,300.03826904296875,301.88311767578125,318.4686279296875,325.61614990234375,334.3486328125,337.0879211425781,338.1914978027344,348.330322265625,361.8253173828125,368.0312805175781,376.5919494628906,393.6710510253906,397.0844421386719,399.2058410644531,400.70037841796875,402.7280578613281,410.65850830078125,418.009521484375,426.93133544921875,432.5296630859375,434.6994934082031,439.1620788574219,439.4794616699219,445.6164245605469,448.0379638671875,448.66363525390625,448.88116455078125,453.01300048828125,457.357666015625,461.3069152832031,464.751953125,465.4402770996094,472.0753173828125,472.1047668457031,476.6979675292969,479.0604248046875,484.38482666015625,484.5148010253906,486.17327880859375,490.64202880859375,492.5588073730469,495.88739013671875,
1455,286,1,3.738706588745117,39.07559585571289,55.21381759643555,250.62887573242188,322.65142822265625,331.8057861328125,338.3973083496094,342.3438415527344,345.2718811035156,345.4039611816406,348.2769775390625,350.1268005371094,351.7821044921875,369.1142578125,374.41644287109375,376.0765686035156,376.4079895019531,377.018798828125,379.1894836425781,382.5951843261719,390.4926452636719,396.4538269042969,406.0833435058594,406.4101257324219,412.0779724121094,418.9345397949219,423.15655517578125,424.1685485839844,430.8687438964844,432.24090576171875,432.98101806640625,446.2290954589844,453.0647277832031,453.4015197753906,453.6308898925781,454.13104248046875,462.444091796875,463.998291015625,467.6710205078125,473.6925964355469,476.327392578125,477.59722900390625,477.834228515625,485.1956481933594,485.6561279296875,486.7703552246094,491.7296142578125,495.1103515625,495.82568359375,495.97991943359375,
1554,268,1,2.659536838531494,49.595645904541016,53.619903564453125,78.37994384765625,94.75654602050781,96.4673843383789,99.85022735595703,99.86341094970703,107.66837310791016,116.98406982421875,132.17750549316406,134.1706085205078,136.2353973388672,144.8627471923828,146.18983459472656,159.10113525390625,171.0294189453125,172.1530303955078,172.26162719726562,173.75868225097656,175.0926513671875,176.78396606445312,180.63699340820312,199.55905151367188,205.21588134765625,207.45111083984375,207.8301239013672,211.81773376464844,213.11471557617188,214.1250457763672,214.27615356445312,214.52122497558594,215.1791534423828,217.3483123779297,223.1538543701172,224.4824676513672,224.6539764404297,225.17686462402344,227.61636352539062,233.54710388183594,238.00051879882812,240.09422302246094,240.11944580078125,240.91990661621094,243.88262939453125,244.66664123535156,244.98899841308594,246.75599670410156,247.12860107421875,249.87574768066406,
1467,300,1,3.3469295501708984,17.27009391784668,80.72650146484375,81.46525573730469,130.9410858154297,177.07730102539062,195.3819580078125,223.83502197265625,238.97987365722656,240.47463989257812,244.3275909423828,249.97549438476562,270.62176513671875,278.2684631347656,283.5081787109375,288.218505859375,295.841796875,305.3284606933594,325.5506286621094,350.1512451171875,360.6684875488281,362.1667175292969,364.82342529296875,366.3207702636719,374.43408203125,380.6935729980469,389.33587646484375,394.3932800292969,404.52789306640625,409.4170227050781,416.682861328125,419.5246887207031,428.15423583984375,428.7059631347656,429.87200927734375,430.1705322265625,431.5613098144531,433.9544677734375,435.5915832519531,440.1375732421875,444.4013977050781,449.4366149902344,456.3554992675781,458.4402160644531,464.966064453125,477.5177307128906,481.86138916015625,488.0216979980469,491.6310729980469,492.00567626953125,
368,30,1,40.128353118896484,309.2273254394531,318.38311767578125,342.7507019042969,359.9725646972656,363.10845947265625,380.5254211425781,388.65869140625,390.4525146484375,392.585205078125,406.30255126953125,416.96673583984375,419.8426513671875,419.84686279296875,424.1487121582031,425.368408203125,429.4797058105469,429.7184753417969,430.05047607421875,431.0733642578125,432.68487548828125,436.1600036621094,439.83184814453125,442.60675048828125,443.2821960449219,444.2806091308594,445.1081237792969,445.69232177734375,451.8779602050781,451.88848876953125,453.05908203125,454.48883056640625,455.3072814941406,455.5960388183594,456.7479248046875,456.9539489746094,466.6007080078125,468.2146911621094,469.70758056640625,473.2814636230469,473.830078125,478.7229919433594,478.9388427734375,480.5840759277344,482.8755798339844,487.511962890625,487.5716247558594,488.22039794921875,491.9283142089844,501.8575744628906,
1541,279,1,3.2823615074157715,219.13572692871094,242.6180877685547,298.4505920410156,322.64910888671875,323.8277893066406,324.826171875,328.69378662109375,332.146240234375,341.405517578125,344.17132568359375,348.82708740234375,348.9947204589844,357.5351867675781,359.6466979980469,368.70660400390625,369.10626220703125,370.2135925292969,379.6158752441406,380.2562561035156,380.6199035644531,381.0988464355469,381.1815185546875,381.5865173339844,386.82965087890625,389.9276123046875,389.9449462890625,391.6724853515625,394.3373107910156,395.9876403808594,399.8382568359375,401.4749755859375,406.90594482421875,407.4619140625,409.74310302734375,411.3870544433594,411.8711853027344,413.228515625,413.7015686035156,417.7825012207031,417.7901306152344,420.4408874511719,421.0095520019531,421.5006103515625,422.1708068847656,423.8438415527344,430.5509338378906,430.65283203125,430.99267578125,432.61968994140625,
1105,260,1,2.6701695919036865,64.85342407226562,69.0677261352539,74.49762725830078,76.19115447998047,77.23050689697266,79.1058120727539,80.46614837646484,83.98582458496094,87.61229705810547,87.68494415283203,88.94326782226562,89.31595611572266,89.79023742675781,90.56961822509766,91.99665832519531,94.9749755859375,95.54277038574219,97.38209533691406,99.37728881835938,100.88738250732422,101.4012680053711,101.60796356201172,103.57855987548828,108.39629364013672,109.49059295654297,113.1256332397461,114.01912689208984,114.38543701171875,114.82752227783203,114.85841369628906,115.49517822265625,116.6539535522461,118.55316162109375,119.25682830810547,119.8730239868164,121.7000732421875,123.93838500976562,125.94489288330078,126.12982177734375,127.57080078125,128.0311279296875,128.0328826904297,128.64805603027344,130.6082763671875,131.2613983154297,131.27821350097656,132.44259643554688,137.01243591308594,137.37045288085938,
647,215,1,2.1070713996887207,50.414066314697266,65.11370086669922,69.15814971923828,70.25138854980469,83.32192993164062,85.36480712890625,89.6798095703125,90.55573272705078,92.1080093383789,95.66773986816406,96.74795532226562,98.27369689941406,100.13829803466797,101.2514877319336,101.59112548828125,105.85183715820312,105.9666748046875,106.04987335205078,109.8575668334961,110.51609802246094,111.06147003173828,115.39521026611328,116.46220397949219,119.64971923828125,120.21221160888672,121.72330474853516,122.8184814453125,123.70528411865234,126.58946990966797,127.98480224609375,128.0404815673828,131.45175170898438,136.4239501953125,136.89793395996094,137.75796508789062,138.45538330078125,146.44476318359375,147.97972106933594,148.95419311523438,151.33642578125,152.19796752929688,153.0598602294922,154.28883361816406,154.3048553466797,154.5303955078125,154.9115447998047,158.19775390625,160.70069885253906,162.89813232421875,
1560,269,1,1.758884072303772,41.34693145751953,58.8170280456543,70.27355194091797,78.97219848632812,91.42320251464844,93.75203704833984,122.67716217041016,127.45450592041016,145.04112243652344,149.89895629882812,158.302490234375,160.98651123046875,161.41868591308594,161.83705139160156,189.44732666015625,193.56686401367188,199.0992889404297,201.4100799560547,203.83836364746094,217.72515869140625,218.57899475097656,222.63998413085938,223.7513885498047,226.1606903076172,226.83145141601562,230.793212890625,231.00929260253906,233.110595703125,233.71420288085938,241.8745574951172,242.30796813964844,243.8955535888672,246.06683349609375,248.1527862548828,251.74807739257812,251.79522705078125,255.6352081298828,259.5588073730469,270.0577392578125,271.3864440917969,272.29437255859375,273.9806213378906,275.111083984375,276.94122314453125,279.0287170410156,283.0577087402344,285.9885559082031,286.4823303222656,287.16961669921875,
1747,317,1,1.8519494533538818,195.94422912597656,230.9355926513672,233.2858123779297,243.7224884033203,246.78477478027344,261.3927001953125,267.89306640625,269.9194030761719,272.5109558105469,297.5292053222656,298.9518127441406,312.7872009277344,315.92584228515625,315.96148681640625,347.03558349609375,347.53326416015625,348.0936584472656,350.8176574707031,353.6048583984375,356.57830810546875,359.1512451171875,363.254638671875,363.690185546875,374.6147155761719,382.26800537109375,384.94317626953125,387.22833251953125,387.4626770019531,391.1617431640625,393.10516357421875,394.6446533203125,395.8692321777344,397.3828125,398.2862854003906,401.0746154785156,403.16357421875,413.8310546875,414.2031555175781,414.80181884765625,418.6413269042969,419.02740478515625,419.96728515625,422.73699951171875,422.74652099609375,423.6642150878906,423.6777648925781,432.6666564941406,434.92620849609375,436.7723083496094,
623,195,1,3.57116436958313,73.96269226074219,76.15886688232422,83.72573852539062,86.32559967041016,86.4529037475586,89.34011840820312,91.5241470336914,94.77548217773438,97.8558349609375,102.84166717529297,103.49586486816406,107.57760620117188,107.9129409790039,107.9786148071289,112.25457763671875,112.6840591430664,112.73355102539062,116.32687377929688,117.43190002441406,118.26509094238281,120.43618774414062,126.931640625,128.46044921875,129.8095703125,130.8327178955078,133.5905303955078,134.0416259765625,135.42977905273438,137.31405639648438,139.09910583496094,139.99356079101562,142.6300811767578,143.21517944335938,143.9605255126953,147.12535095214844,150.32479858398438,150.35528564453125,150.965087890625,151.2242889404297,151.39585876464844,151.5672607421875,154.58494567871094,155.93934631347656,158.36997985839844,161.07957458496094,162.15069580078125,162.8332977294922,163.30783081054688,163.32040405273438,
1111,279,1,2.0786631107330322,101.44227600097656,109.45294189453125,113.25181579589844,113.82561492919922,114.93656158447266,115.61226654052734,129.69961547851562,133.84716796875,144.67108154296875,150.39593505859375,153.67050170898438,155.8743438720703,157.45985412597656,164.16099548339844,166.56141662597656,167.67129516601562,170.80511474609375,171.95242309570312,172.89187622070312,173.2289276123047,173.9839324951172,178.06568908691406,178.18434143066406,178.70294189453125,179.0474395751953,182.57720947265625,183.93167114257812,186.73898315429688,194.35220336914062,195.82809448242188,197.95437622070312,198.31515502929688,200.8416290283203,206.18963623046875,207.82667541503906,210.18746948242188,212.88424682617188,214.2748565673828,214.39263916015625,215.93856811523438,217.41664123535156,217.5933837890625,223.28436279296875,224.6431884765625,225.87135314941406,226.43182373046875,228.8087158203125,229.14491271972656,229.27313232421875,
1362,299,1,2.7896697521209717,281.13995361328125,293.6247253417969,311.2019348144531,323.5752258300781,334.0635681152344,337.6786193847656,368.5256652832031,388.09765625,399.5343322753906,401.0985412597656,404.38458251953125,411.45697021484375,421.1579284667969,425.1573181152344,452.2032775878906,457.3808898925781,463.8382568359375,464.2068786621094,466.7186279296875,468.34027099609375,469.5465393066406,470.8491516113281,483.4430236816406,488.49664306640625,494.3618469238281,494.7030029296875,499.162841796875,507.2532653808594,507.7906494140625,512.5696411132812,518.2380981445312,522.3284301757812,524.51611328125,529.768798828125,531.92626953125,540.1376953125,541.446044921875,542.006591796875,542.877197265625,551.2803955078125,551.2933349609375,551.9619140625,552.3088989257812,557.4182739257812,563.2221069335938,566.9512939453125,567.140625,573.3645629882812,574.9013061523438,
1678,297,1,6.209675312042236,155.95021057128906,172.43785095214844,178.38519287109375,186.05389404296875,194.90225219726562,202.69219970703125,207.38197326660156,210.4967041015625,218.38214111328125,220.4686737060547,227.392822265625,229.68539428710938,230.65760803222656,231.6051483154297,233.9650421142578,236.86077880859375,247.0626983642578,248.3573455810547,248.9698028564453,254.77197265625,254.91793823242188,257.76708984375,259.7432861328125,260.04998779296875,265.75506591796875,270.6329345703125,272.3487548828125,272.4167785644531,273.2774353027344,273.77734375,275.2596435546875,277.933837890625,279.91278076171875,281.5885925292969,284.512451171875,286.6680603027344,286.82525634765625,287.013671875,287.5811767578125,288.3841857910156,288.7781982421875,290.8624267578125,290.92156982421875,291.8381652832031,293.932373046875,294.4923095703125,295.1753234863281,295.94036865234375,295.95751953125,
620,200,1,2.466421365737915,72.9810791015625,123.78303527832031,142.36837768554688,148.61911010742188,148.70083618164062,160.65049743652344,163.37672424316406,171.8114776611328,174.76123046875,181.8538055419922,182.9159698486328,192.498046875,196.02972412109375,198.4575653076172,199.8077850341797,202.4155731201172,203.98614501953125,205.51756286621094,210.2681427001953,211.40452575683594,212.46255493164062,213.481201171875,214.4897918701172,214.64549255371094,218.4557647705078,221.02679443359375,221.95481872558594,223.1933135986328,226.10658264160156,228.8614044189453,230.2643280029297,230.4961700439453,230.98971557617188,231.16647338867188,234.2413330078125,235.52780151367188,235.9663848876953,238.26841735839844,242.04624938964844,247.36141967773438,249.50949096679688,253.52972412109375,254.09022521972656,258.3243103027344,260.1106872558594,260.3649597167969,260.90936279296875,261.46490478515625,261.65228271484375,
164,65,1,12.701004028320312,60.68056106567383,70.93461608886719,75.5129623413086,81.65296936035156,88.33245086669922,88.72544860839844,90.25930786132812,92.18138885498047,92.93287658691406,95.0267562866211,100.72162628173828,101.08812713623047,108.87641906738281,108.94505310058594,115.55848693847656,120.08710479736328,122.02040100097656,123.49735260009766,125.73931884765625,133.3555145263672,134.882080078125,135.06170654296875,135.19595336914062,137.46730041503906,139.48577880859375,140.60365295410156,140.8486785888672,144.08331298828125,146.92662048339844,151.8520050048828,155.84317016601562,156.7545166015625,157.6664276123047,160.5694580078125,161.16464233398438,162.45840454101562,170.70941162109375,171.71522521972656,173.72218322753906,178.62750244140625,179.23216247558594,183.06822204589844,185.48631286621094,190.56687927246094,192.35848999023438,194.9890899658203,195.42221069335938,195.77847290039062,202.9838104248047,
1032,246,1,1.169337511062622,38.47980499267578,66.8975601196289,89.72803497314453,98.39774322509766,108.42587280273438,116.3781967163086,118.66732788085938,124.83164978027344,125.54895782470703,130.620849609375,130.7202606201172,130.8789825439453,132.009521484375,136.3568572998047,136.93824768066406,137.3852996826172,142.40919494628906,143.20120239257812,143.59030151367188,143.89938354492188,144.9406280517578,147.83238220214844,151.81951904296875,154.88214111328125,157.35350036621094,158.2285614013672,158.31631469726562,158.3621826171875,161.1881103515625,161.69317626953125,161.7486572265625,162.03195190429688,163.39720153808594,164.90853881835938,166.95176696777344,167.28001403808594,167.71775817871094,167.9164276123047,167.95632934570312,168.32672119140625,170.22935485839844,171.1554412841797,171.2334747314453,171.85389709472656,173.043212890625,174.81063842773438,177.69528198242188,178.98133850097656,179.0019073486328,
856,19,1,16.369144439697266,90.90042114257812,106.69743347167969,130.2686767578125,141.55245971679688,154.04803466796875,160.78970336914062,161.73031616210938,167.99896240234375,171.6978302001953,171.88418579101562,182.295166015625,187.34605407714844,202.3451385498047,216.1151123046875,217.899658203125,220.24444580078125,221.45526123046875,222.10003662109375,224.47743225097656,225.52301025390625,227.15713500976562,227.18350219726562,229.04747009277344,229.8473663330078,230.1077423095703,230.7045135498047,230.85951232910156,230.94534301757812,232.86468505859375,234.25897216796875,235.68357849121094,236.45851135253906,245.6898956298828,246.20999145507812,249.51748657226562,250.02935791015625,252.15133666992188,256.54693603515625,257.9676208496094,258.34893798828125,259.1673583984375,263.4090576171875,267.2345886230469,267.6594543457031,273.6618347167969,273.8157043457031,277.04168701171875,277.7725524902344,278.98541259765625,
1419,273,1,2.34393310546875,96.81024169921875,224.12876892089844,282.0057373046875,312.88824462890625,326.17840576171875,344.60736083984375,353.5639343261719,362.03131103515625,370.45306396484375,396.3590393066406,398.0555114746094,411.90203857421875,413.6558837890625,414.9334716796875,419.73553466796875,420.9722595214844,422.3299865722656,424.8196105957031,427.69769287109375,438.6474609375,441.73681640625,443.1236572265625,443.4228515625,445.90570068359375,446.2209777832031,447.8644714355469,449.1346740722656,450.8327331542969,451.4289245605469,452.7784118652344,458.73016357421875,461.37396240234375,463.2493896484375,465.03912353515625,468.54547119140625,468.7535705566406,471.114013671875,472.4334411621094,473.8789367675781,475.1795654296875,476.2337951660156,477.3818664550781,478.0100402832031,478.4907531738281,479.0199279785156,480.7603759765625,484.1324462890625,485.0586242675781,485.4503479003906,
706,248,1,4.450220584869385,229.24346923828125,240.88601684570312,249.7667999267578,270.6925048828125,283.31854248046875,284.4361877441406,290.2410888671875,302.016845703125,307.53814697265625,309.1959228515625,312.4701843261719,316.7105712890625,323.62957763671875,325.6728515625,328.20977783203125,328.8972473144531,330.5455017089844,332.3430480957031,333.6420593261719,335.1163635253906,335.5746154785156,335.74853515625,340.68670654296875,343.98077392578125,348.1947326660156,353.4541931152344,355.4423522949219,358.7414855957031,361.3212890625,361.6448059082031,362.4024658203125,363.35107421875,365.8147888183594,367.85345458984375,369.08428955078125,369.8500061035156,370.3746032714844,371.8409729003906,371.9890441894531,375.75604248046875,379.4300231933594,379.77532958984375,382.6791687011719,384.6678466796875,392.3241271972656,394.0054626464844,394.9385986328125,395.2301940917969,395.380615234375,
991,259,1,3.257199287414551,97.6552505493164,119.47456359863281,122.36687469482422,140.6470947265625,142.7079315185547,164.65081787109375,165.1298828125,171.27099609375,171.64637756347656,180.2123260498047,184.11376953125,184.89439392089844,186.73072814941406,190.6979217529297,198.63694763183594,199.0874786376953,199.15101623535156,200.8124237060547,201.33555603027344,202.50662231445312,205.22283935546875,207.6939697265625,209.46839904785156,210.88446044921875,211.6179656982422,211.63119506835938,211.92251586914062,212.03030395507812,215.234375,219.45269775390625,220.63145446777344,221.76889038085938,222.80133056640625,222.91256713867188,223.2697296142578,223.56442260742188,224.1922149658203,224.76722717285156,225.4239959716797,225.8846435546875,227.57167053222656,229.78799438476562,230.63558959960938,231.33889770507812,231.87220764160156,233.57296752929688,233.96759033203125,234.60342407226562,234.7093048095703,
360,32,1,49.168052673339844,281.2409973144531,288.08575439453125,350.9768371582031,354.14141845703125,356.01995849609375,358.7350158691406,359.5022888183594,372.9998779296875,378.7007141113281,381.2786560058594,384.1628112792969,387.0800476074219,388.76324462890625,390.3131103515625,393.0730895996094,422.0309143066406,431.2906188964844,444.4322509765625,444.9965515136719,446.9498291015625,449.60400390625,450.44183349609375,452.50567626953125,452.6652526855469,454.6739807128906,455.21270751953125,455.3843688964844,455.64276123046875,460.9290466308594,465.47320556640625,469.14862060546875,475.5895080566406,476.3251647949219,478.7442932128906,479.36639404296875,480.9770202636719,481.25592041015625,481.6964416503906,484.0309753417969,490.1048889160156,491.27728271484375,491.8641662597656,493.3932800292969,495.54229736328125,496.5763854980469,498.8057556152344,499.404052734375,499.4241638183594,500.9411315917969,
662,222,1,3.522257089614868,65.3464126586914,67.469970703125,69.9217529296875,71.19329833984375,72.41354370117188,76.84881591796875,83.1576156616211,87.30958557128906,89.52117919921875,90.1324234008789,90.85932922363281,93.53656005859375,98.21592712402344,103.4306411743164,104.84628295898438,106.27266693115234,110.83415985107422,114.93125915527344,116.40326690673828,116.9127426147461,118.18476867675781,118.86060333251953,119.73829650878906,120.27384185791016,120.77914428710938,121.66332244873047,122.54545593261719,122.81271362304688,123.68190002441406,124.20050048828125,128.8767547607422,129.00987243652344,131.68617248535156,132.15841674804688,133.0149383544922,134.54071044921875,134.54356384277344,134.5891571044922,137.2264404296875,137.2438201904297,138.167236328125,145.6870880126953,147.16416931152344,147.2187042236328,151.45663452148438,151.66334533691406,152.01368713378906,152.36239624023438,153.14093017578125,
1192,306,1,2.0361030101776123,94.41084289550781,104.93948364257812,109.09883880615234,110.40482330322266,113.13235473632812,121.52327728271484,121.8253402709961,134.74093627929688,135.89459228515625,136.54315185546875,136.931640625,138.9188232421875,139.52822875976562,140.44528198242188,140.84323120117188,145.55752563476562,147.73760986328125,150.14561462402344,151.08802795410156,151.26942443847656,152.27418518066406,155.77459716796875,155.99356079101562,156.605712890625,159.19203186035156,160.2222442626953,160.6378631591797,161.92974853515625,162.46263122558594,163.3384246826172,167.88265991210938,168.18162536621094,168.2440643310547,168.5782470703125,169.3892364501953,170.3860626220703,173.27381896972656,173.52012634277344,174.9927520751953,175.9125518798828,177.2863006591797,179.00157165527344,180.75758361816406,183.45289611816406,183.69171142578125,184.93551635742188,184.93966674804688,185.314208984375,188.41952514648438,
1066,247,1,2.4643523693084717,30.181615829467773,48.99440002441406,51.273094177246094,63.511104583740234,71.00689697265625,75.87840270996094,81.65719604492188,88.77495574951172,91.52898406982422,95.91486358642578,97.45247650146484,97.82433319091797,98.34211730957031,104.65744018554688,109.87791442871094,110.58110046386719,111.71341705322266,112.6640625,114.01799011230469,114.36727905273438,116.45809936523438,119.83308410644531,122.09048461914062,122.12406921386719,126.5367202758789,127.4581527709961,131.57350158691406,133.5044403076172,137.62020874023438,139.2296600341797,142.51287841796875,142.68966674804688,143.4320068359375,144.7112274169922,145.1765899658203,145.46630859375,145.93072509765625,147.67315673828125,149.0675506591797,150.89166259765625,151.38902282714844,155.3031005859375,159.20086669921875,162.97848510742188,163.19998168945312,164.45567321777344,166.01776123046875,166.36109924316406,170.3887176513672,
1459,297,1,3.768583297729492,115.1750259399414,142.5281219482422,202.47462463378906,210.76051330566406,279.6820068359375,295.750244140625,335.6885986328125,369.630859375,375.1395568847656,382.1772766113281,393.6559143066406,401.7391052246094,411.6450500488281,420.9604797363281,421.9681091308594,426.57208251953125,426.6098327636719,429.89715576171875,441.0751953125,448.86529541015625,452.8979187011719,454.2556457519531,459.6337585449219,476.373046875,487.1719665527344,488.9053955078125,489.6337585449219,496.58001708984375,499.1391906738281,499.64520263671875,500.7987060546875,502.1100769042969,504.9446716308594,520.9760131835938,521.3236083984375,547.3399658203125,566.1575317382812,566.26806640625,569.0700073242188,573.1673583984375,585.38671875,593.7033081054688,596.4019775390625,596.6307983398438,597.13623046875,616.45654296875,618.1873168945312,620.2283325195312,620.7872924804688,
1383,290,1,0.9947681427001953,126.26509094238281,141.0861053466797,147.4850616455078,162.9501953125,166.9019775390625,174.37628173828125,175.3444366455078,176.98782348632812,182.1277618408203,192.90243530273438,194.44192504882812,198.7909393310547,203.64822387695312,203.8149871826172,205.59947204589844,210.17654418945312,210.50357055664062,211.6680908203125,213.4083709716797,217.6895294189453,217.79757690429688,218.16184997558594,221.8911590576172,222.18377685546875,223.59934997558594,225.97064208984375,227.56643676757812,229.17274475097656,230.13551330566406,232.21749877929688,233.0471954345703,234.71688842773438,237.4928436279297,240.13055419921875,240.50376892089844,241.4409637451172,242.4831085205078,243.45013427734375,244.4900360107422,244.63595581054688,246.07115173339844,246.2898712158203,247.13198852539062,247.86866760253906,251.67457580566406,255.44235229492188,256.5026550292969,257.8338317871094,259.16082763671875,
976,268,1,2.5864908695220947,56.1031379699707,72.98407745361328,80.69275665283203,88.247802734375,92.27589416503906,93.38103485107422,99.29367065429688,101.7001953125,102.98233032226562,105.27224731445312,108.25624084472656,109.59527587890625,110.2425765991211,111.39295196533203,112.3128890991211,115.49989318847656,120.08909606933594,123.40469360351562,128.2985382080078,130.2524871826172,130.45187377929688,131.48388671875,133.23980712890625,135.97335815429688,136.71913146972656,137.17410278320312,138.40951538085938,138.82579040527344,140.79078674316406,141.79391479492188,142.02769470214844,144.3498077392578,144.4115447998047,146.4386749267578,147.79586791992188,150.9706573486328,152.0751495361328,157.05075073242188,157.33926391601562,159.26756286621094,160.7634735107422,164.14108276367188,164.162109375,168.1725616455078,169.20643615722656,169.91018676757812,170.7532196044922,172.68592834472656,173.40069580078125,
678,219,1,3.6279213428497314,40.37104034423828,104.4410171508789,114.3711929321289,136.0035400390625,150.92825317382812,151.4194793701172,158.85177612304688,159.11895751953125,161.973388671875,171.40960693359375,172.90011596679688,173.36175537109375,181.7794647216797,184.11630249023438,184.22727966308594,186.93731689453125,193.4286651611328,194.15296936035156,194.21060180664062,194.57180786132812,199.2776641845703,200.18299865722656,201.2954559326172,203.2704315185547,206.12222290039062,208.75396728515625,209.4228973388672,210.10516357421875,212.38946533203125,214.3373565673828,214.52157592773438,217.23040771484375,218.83432006835938,219.55467224121094,223.1921844482422,223.5433807373047,223.684326171875,223.85337829589844,226.71954345703125,231.00625610351562,231.82989501953125,237.7532958984375,238.70144653320312,241.47828674316406,241.87063598632812,242.21087646484375,243.80203247070312,244.9810028076172,244.9898223876953,
265,238,1,3.570053815841675,136.9613037109375,147.718505859375,193.54139709472656,193.55242919921875,194.2866973876953,199.6846923828125,202.43980407714844,208.1587677001953,210.35101318359375,213.32437133789062,214.71714782714844,216.05606079101562,217.53570556640625,220.17066955566406,224.73440551757812,224.79571533203125,226.429931640625,226.72528076171875,227.9999542236328,228.89990234375,231.7320098876953,232.52630615234375,235.65403747558594,236.85415649414062,243.33689880371094,244.39971923828125,245.0199737548828,247.1240234375,251.3121795654297,253.53475952148438,253.9640655517578,254.4070281982422,255.03843688964844,255.36643981933594,255.73007202148438,256.64739990234375,258.48028564453125,259.9008483886719,263.0212097167969,263.25921630859375,263.3168640136719,264.9395751953125,265.72216796875,267.75823974609375,268.2774963378906,269.3891906738281,271.93603515625,272.5800476074219,272.65277099609375,
